           6           1           1
    0.5+     2 1   4.970       0.000      0.7500E-01  0.1014E-02  0.2781E-02  0.1726E-02  0.9754E-02   4.879    
    0.5+     2 2   4.858       0.000      0.1728      0.9452E-03  0.3536E-02  0.2107E-02  0.6812E-02   4.672    
    0.5+     4 3   3.440       0.000      0.1608E-03  0.1931E-02  0.3702E-02  0.4398E-02  0.3477E-02   3.426    
    0.5-     1 1   5.247       0.000      0.7979E-01  0.3365E-03  0.1315E-02  0.2209E-03  0.4828E-01   5.117    
    0.5-     3 2   4.456       0.000      0.4173E-02  0.1285E-02  0.3360E-02  0.6541E-03  0.9678E-02   4.437    
    0.5-     3 3   4.692       0.000      0.1278      0.3580E-03  0.1148E-02  0.8620E-03  0.5966E-02   4.556    
    1.5+     0 1   10.14       0.000      0.6742E-01  0.5296E-01  0.1635E-01  0.3394E-01  0.2682E-01   9.942    
    1.5+     2 2   10.12       0.000      0.2777E-02  0.5280E-02  0.1410E-01  0.4856E-02  0.1490E-01   10.08    
    1.5+     2 3   9.939       0.000      0.1057      0.4613E-01  0.9350E-02  0.3666E-01  0.2437E-01   9.717    
    1.5+     2 4   9.716       0.000      0.1750E-01  0.2360E-01  0.2657E-01  0.2994E-01  0.1272E-01   9.605    
    1.5+     4 5   6.879       0.000      0.1596E-01  0.3262E-02  0.3052E-01  0.4762E-02  0.2092E-01   6.804    
    1.5+     4 6   6.901       0.000      0.1651      0.6770E-02  0.6975E-02  0.1354E-01  0.3768E-02   6.705    
    1.5-     1 1   10.33       0.000      0.4983E-01  0.4160E-01  0.4554E-02  0.9793E-02  0.2075       10.01    
    1.5-     1 2   10.49       0.000      0.1029      0.5285E-01  0.1132E-01  0.5946E-02  0.9312E-01   10.23    
    1.5-     3 3   8.912       0.000      0.1121E-01  0.1860E-02  0.2304E-01  0.6555E-03  0.6505E-01   8.811    
    1.5-     3 4   9.384       0.000      0.7083E-02  0.1537E-01  0.1169E-01  0.8938E-02  0.2227E-01   9.318    
    1.5-     3 5   9.944       0.000      0.3441      0.1133E-01  0.1429E-01  0.3728E-02  0.5960E-02   9.565    
    1.5-     5 6   2.446       0.000      0.3157E-03  0.9664E-03  0.6422E-02  0.4383E-02  0.5010E-02   2.428    
    2.5+     0 1   15.21       0.000      0.6089E-01  0.4225E-01  0.6550E-01  0.3017E-01  0.2028E-01   14.99    
    2.5+     2 2   15.19       0.000      0.1846E-01  0.3089E-01  0.2127      0.2107E-01  0.2913E-01   14.87    
    2.5+     2 3   14.91       0.000      0.6064E-04  0.1096      0.7407E-01  0.8681E-01  0.2752E-01   14.61    
    2.5+     2 4   14.57       0.000      0.8375E-01  0.9009E-01  0.7494E-01  0.1076      0.2496E-01   14.19    
    2.5+     4 5   10.32       0.000      0.7421E-02  0.3491E-02  0.1376      0.5503E-02  0.4808E-01   10.12    
    2.5+     4 6   10.35       0.000      0.1215E-03  0.5664E-01  0.4089E-01  0.7701E-01  0.1878E-01   10.16    
    2.5+     4 7   10.11       0.000      0.1464      0.1205E-01  0.1801E-01  0.4361E-01  0.5104E-02   9.885    
    2.5+     6 8  0.8842       0.000      0.6643E-05  0.1423E-02  0.4776E-02  0.2509E-02  0.1848E-02  0.8736    
    2.5-     1 1   15.35       0.000      0.7487E-02  0.1568E-01  0.2676E-01  0.2822E-02  0.1129       15.18    
    2.5-     1 2   15.49       0.000      0.3178E-01  0.2403E-01  0.1109E-01  0.1011E-01  0.2089       15.20    
    2.5-     1 3   15.74       0.000      0.2739E-02  0.1127      0.3008E-01  0.1508E-01  0.2730       15.31    
    2.5-     3 4   13.37       0.000      0.9074E-02  0.1067E-01  0.7969E-01  0.1043E-01  0.8905E-01   13.17    
    2.5-     3 5   14.08       0.000      0.5391E-01  0.6597E-01  0.5226E-01  0.5983E-01  0.1312       13.71    
    2.5-     3 6   14.92       0.000      0.3660E-02  0.9983E-01  0.4948E-01  0.3380E-01  0.6034E-01   14.67    
    2.5-     5 7   3.668       0.000      0.3703E-02  0.6831E-03  0.3284E-01  0.3628E-02  0.1623E-01   3.611    
    2.5-     5 8   4.047       0.000      0.5388E-01  0.4520E-02  0.8733E-02  0.2186E-01  0.5423E-02   3.952    
    3.5+     0 1   20.28       0.000      0.1200E-01  0.1332E-01  0.1477      0.7444E-02  0.3857E-01   20.06    
    3.5+     2 2   20.25       0.000      0.4152E-01  0.5958E-01  0.2633      0.3684E-01  0.3428E-01   19.81    
    3.5+     2 3   19.88       0.000      0.7379E-01  0.2105E-01  0.2460      0.1573E-01  0.5992E-01   19.46    
    3.5+     2 4   19.43       0.000      0.1213E-02  0.5472E-01  0.1325      0.8037E-01  0.8503E-01   19.08    
    3.5+     4 5   13.76       0.000      0.3526E-01  0.3408E-01  0.3789      0.1974E-01  0.4698E-01   13.24    
    3.5+     4 6   13.80       0.000      0.1386      0.1382      0.1333      0.1352      0.1084       13.15    
    3.5+     4 7   13.48       0.000      0.1675E-02  0.6751E-01  0.4875E-01  0.1545      0.4443E-01   13.16    
    3.5+     6 8   1.179       0.000      0.4852E-02  0.8332E-03  0.2029E-01  0.1554E-02  0.4865E-02   1.147    
    3.5+     6 9   1.270       0.000      0.4119E-01  0.6343E-02  0.4866E-02  0.1017E-01  0.2444E-02   1.205    
    3.5-     1 1   20.65       0.000      0.4425E-01  0.4187E-01  0.5816E-01  0.1313E-01  0.3536       20.14    
    3.5-     1 2   20.99       0.000      0.7233E-01  0.1029E-01  0.4602E-01  0.1596E-02  0.7339       20.12    
    3.5-     3 3   17.82       0.000      0.1716E-01  0.2373E-01  0.1744      0.4101E-01  0.6535E-01   17.50    
    3.5-     3 4   18.77       0.000      0.1228E-01  0.5668E-01  0.1470      0.7186E-01  0.5836       17.90    
    3.5-     3 5   19.89       0.000      0.1917      0.2215      0.9774E-01  0.8032E-01  0.4396       18.86    
    3.5-     5 6   4.891       0.000      0.4003E-02  0.2467E-02  0.1027      0.2191E-02  0.2680E-01   4.753    
    3.5-     5 7   5.395       0.000      0.2903E-02  0.2958E-01  0.3973E-01  0.7128E-01  0.3671E-01   5.215    
    3.5-     5 8   6.356       0.000      0.2854      0.3196E-01  0.8311E-02  0.4569E-01  0.1130E-01   5.973    
    3.5-     7 9  0.2468       0.000      0.4113E-05  0.4604E-03  0.1750E-02  0.7745E-03  0.5479E-03  0.2432    
    4.5+     2 1   24.85       0.000      0.2407E-01  0.3962E-01  0.3002      0.2421E-01  0.4543E-01   24.41    
    4.5+     2 2   24.29       0.000      0.1207E-01  0.2954E-02  0.1638      0.2652E-02  0.1076       24.00    
    4.5+     4 3   17.20       0.000      0.9386E-02  0.9246E-01  0.6244      0.3205E-01  0.1342E-01   16.43    
    4.5+     4 4   17.25       0.000      0.1422E-01  0.8824E-01  0.2916      0.3137E-01  0.3166       16.51    
    4.5+     4 5   16.85       0.000      0.4684E-01  0.1167      0.8359E-01  0.1954      0.1954       16.21    
    4.5+     6 6   1.474       0.000      0.8864E-03  0.9587E-03  0.5348E-01  0.1012E-02  0.6696E-02   1.411    
    4.5+     6 7   1.588       0.000      0.1432E-02  0.1947E-01  0.1901E-01  0.2514E-01  0.1296E-01   1.510    
    4.5+     6 8   1.696       0.000      0.4263E-01  0.1152E-01  0.2331E-02  0.2077E-01  0.3697E-02   1.615    
    4.5+     8 9  0.6656E-01   0.000      0.8549E-06  0.1317E-03  0.5738E-03  0.2248E-03  0.1455E-03  0.6548E-01
    4.5-     1 1   26.23       0.000      0.1319E-01  0.1502E-01  0.3561E-01  0.4434E-02  0.1788       25.99    
    4.5-     3 2   22.28       0.000      0.4458E-01  0.2726E-01  0.2081      0.3451E-01  0.1217       21.84    
    4.5-     3 3   23.46       0.000      0.5467E-01  0.5739E-01  0.2772      0.2399E-01  0.6253       22.42    
    4.5-     3 4   24.86       0.000      0.3018E-02  0.1261      0.1368      0.5155E-01   1.115       23.43    
    4.5-     5 5   6.114       0.000      0.1861E-01  0.1740E-01  0.2186      0.1186E-01  0.2495E-01   5.822    
    4.5-     5 6   6.744       0.000      0.6392E-01  0.5735E-01  0.1068      0.8595E-01  0.1231       6.307    
    4.5-     5 7   7.945       0.000      0.1143E-03  0.1050      0.1979E-01  0.1217      0.8045E-01   7.618    
    4.5-     7 8  0.3085       0.000      0.1506E-02  0.2074E-03  0.6473E-02  0.3919E-03  0.1264E-02  0.2986    
    4.5-     7 9  0.3202       0.000      0.1077E-01  0.1968E-02  0.1573E-02  0.2888E-02  0.8150E-03  0.3022    
    5.5+     2 1   29.15       0.000      0.4802E-02  0.6535E-02  0.1326      0.1329E-02  0.2618E-01   28.98    
    5.5+     4 2   20.64       0.000      0.2029E-01  0.5805E-01  0.1655      0.1704E-01  0.7307E-01   20.30    
    5.5+     4 3   20.70       0.000      0.1754E-01  0.4561E-01  0.4158      0.1787E-01  0.2576       19.95    
    5.5+     4 4   20.22       0.000      0.1953E-02  0.6254E-01  0.1078      0.2910E-01  0.4119       19.61    
    5.5+     6 5   1.768       0.000      0.4824E-02  0.7019E-02  0.9920E-01  0.4946E-02  0.5219E-02   1.647    
    5.5+     6 6   1.905       0.000      0.1201E-01  0.2395E-01  0.4540E-01  0.2511E-01  0.3207E-01   1.766    
    5.5+     6 7   2.035       0.000      0.5041E-04  0.3116E-01  0.5160E-02  0.4723E-01  0.2067E-01   1.930    
    5.5+     8 8  0.7987E-01   0.000      0.3786E-03  0.4772E-04  0.1946E-02  0.9947E-04  0.3050E-03  0.7709E-01
    5.5+     8 9  0.8115E-01   0.000      0.2262E-02  0.5286E-03  0.4734E-03  0.7804E-03  0.2206E-03  0.7688E-01
    5.5-     3 1   28.15       0.000      0.4087E-01  0.5729E-01  0.2796      0.1809E-01  0.5275E-01   27.70    
    5.5-     3 2   29.83       0.000      0.2297E-01  0.4640E-02  0.1367      0.4044E-03  0.9825       28.69    
    5.5-     5 3   7.337       0.000      0.3517E-02  0.4122E-01  0.2967      0.1100E-01  0.5264E-02   6.979    
    5.5-     5 4   8.093       0.000      0.1399E-01  0.4106E-01  0.2007      0.1072E-01  0.1565       7.670    
    5.5-     5 5   9.534       0.000      0.6030E-01  0.1283      0.3115E-01  0.1235      0.2233       8.968    
    5.5-     7 6  0.3702       0.000      0.2251E-03  0.3017E-03  0.1522E-01  0.2837E-03  0.1560E-02  0.3526    
    5.5-     7 7  0.3843       0.000      0.6877E-03  0.4982E-02  0.5487E-02  0.6074E-02  0.3570E-02  0.3635    
    5.5-     7 8  0.4035       0.000      0.1988E-01  0.3870E-02  0.5810E-03  0.5435E-02  0.1304E-02  0.3724    
    5.5-     9 9  0.1741E-01   0.000      0.4852E-06  0.3672E-04  0.1767E-03  0.6189E-04  0.3672E-04  0.1710E-01
    6.5+     4 1   24.15       0.000      0.1549E-01  0.2809E-01  0.1498      0.9740E-02  0.2241E-01   23.93    
    6.5+     4 2   23.59       0.000      0.8019E-02  0.2583E-02  0.1049      0.1898E-03  0.3467       23.13    
    6.5+     6 3   2.063       0.000      0.5597E-03  0.1082E-01  0.1199      0.2688E-02  0.9510E-03   1.928    
    6.5+     6 4   2.223       0.000      0.3250E-02  0.9582E-02  0.7745E-01  0.3032E-02  0.3234E-01   2.097    
    6.5+     6 5   2.374       0.000      0.1142E-01  0.3306E-01  0.7744E-02  0.4219E-01  0.4880E-01   2.231    
    6.5+     8 6  0.9318E-01   0.000      0.3750E-04  0.8720E-04  0.4244E-02  0.8214E-04  0.3379E-03  0.8839E-01
    6.5+     8 7  0.9467E-01   0.000      0.1712E-03  0.1191E-02  0.1535E-02  0.1466E-02  0.8404E-03  0.8947E-01
    6.5+     8 8  0.9652E-01   0.000      0.4080E-02  0.9760E-03  0.1426E-03  0.1390E-02  0.3259E-03  0.8961E-01
    6.5+    10 9  0.4432E-02   0.000      0.1259E-06  0.1002E-04  0.5229E-04  0.1657E-04  0.8937E-05  0.4344E-02
    6.5-     3 1   34.81       0.000      0.2476E-02  0.5394E-02  0.7687E-01  0.2658E-03  0.1052E-01   34.71    
    6.5-     5 2   8.559       0.000      0.6563E-02  0.2212E-01  0.5051E-01  0.5030E-02  0.3732E-01   8.438    
    6.5-     5 3   9.442       0.000      0.4896E-02  0.2823E-01  0.2481      0.6382E-02  0.1133       9.041    
    6.5-     5 4   11.12       0.000      0.9488E-03  0.3657E-01  0.3791E-01  0.8089E-02  0.2500       10.79    
    6.5-     7 5  0.4319       0.000      0.1058E-02  0.1909E-02  0.2577E-01  0.1324E-02  0.1218E-02  0.4006    
    6.5-     7 6  0.4483       0.000      0.2080E-02  0.5417E-02  0.1202E-01  0.5438E-02  0.7290E-02  0.4160    
    6.5-     7 7  0.4708       0.000      0.1901E-04  0.9071E-02  0.1225E-02  0.1121E-01  0.6064E-02  0.4432    
    6.5-     9 8  0.2032E-01   0.000      0.9328E-04  0.1113E-04  0.5651E-03  0.2392E-04  0.7123E-04  0.1955E-01
    6.5-     9 9  0.2046E-01   0.000      0.4930E-03  0.1412E-03  0.1377E-03  0.2058E-03  0.5638E-04  0.1942E-01
    7.5+     4 1   26.96       0.000      0.8792E-03  0.2090E-02  0.6506E-01  0.6814E-04  0.2735E-02   26.89    
    7.5+     6 2   2.358       0.000      0.1452E-02  0.5341E-02  0.1290E-01  0.1128E-02  0.9168E-02   2.328    
    7.5+     6 3   2.540       0.000      0.8456E-03  0.6877E-02  0.8761E-01  0.1461E-02  0.2317E-01   2.420    
    7.5+     6 4   2.713       0.000      0.1886E-03  0.7796E-02  0.9191E-02  0.1654E-02  0.5248E-01   2.642    
    7.5+     8 5  0.1065       0.000      0.2307E-03  0.4967E-03  0.6742E-02  0.3438E-03  0.2481E-03  0.9843E-01
    7.5+     8 6  0.1082       0.000      0.3807E-03  0.1203E-02  0.3171E-02  0.1216E-02  0.1524E-02  0.1007    
    7.5+     8 7  0.1103       0.000      0.5186E-05  0.2127E-02  0.2905E-03  0.2669E-02  0.1360E-02  0.1039    
    7.5+    10 8  0.5065E-02   0.000      0.2263E-04  0.2604E-05  0.1603E-03  0.5841E-05  0.1626E-04  0.4857E-02
    7.5+    10 9  0.5081E-02   0.000      0.1097E-03  0.3744E-04  0.3919E-04  0.5343E-04  0.1389E-04  0.4827E-02
    7.5-     5 1   10.79       0.000      0.5126E-02  0.1488E-01  0.4732E-01  0.3086E-02  0.1855E-01   10.70    
    7.5-     5 2   12.71       0.000      0.2384E-02  0.9792E-03  0.3564E-01  0.4468E-04  0.1945       12.48    
    7.5-     7 3  0.4936       0.000      0.8196E-04  0.2551E-02  0.2887E-01  0.5702E-03  0.2386E-03  0.4613    
    7.5-     7 4  0.5123       0.000      0.6671E-03  0.2179E-02  0.1916E-01  0.7502E-03  0.6347E-02  0.4832    
    7.5-     7 5  0.5380       0.000      0.2119E-02  0.8584E-02  0.1780E-02  0.9246E-02  0.1198E-01  0.5043    
    7.5-     9 6  0.2322E-01   0.000      0.6617E-05  0.2475E-04  0.1168E-02  0.2226E-04  0.7261E-04  0.2192E-01
    7.5-     9 7  0.2338E-01   0.000      0.4235E-04  0.2910E-03  0.4241E-03  0.3556E-03  0.1940E-03  0.2207E-01
    7.5-     9 8  0.2357E-01   0.000      0.8849E-03  0.2514E-03  0.3499E-04  0.3540E-03  0.7962E-04  0.2197E-01
    7.5-    11 9  0.1102E-02   0.000      0.3119E-07  0.2693E-05  0.1512E-04  0.4377E-05  0.2128E-05  0.1078E-02
    8.5+     6 1   2.858       0.000      0.1060E-02  0.3477E-02  0.1041E-01  0.7018E-03  0.4664E-02   2.837    
    8.5+     6 2   3.052       0.000      0.4798E-03  0.2394E-03  0.8668E-02  0.1510E-04  0.4053E-01   3.002    
    8.5+     8 3  0.1198       0.000      0.1289E-04  0.6040E-03  0.7149E-02  0.1219E-03  0.5438E-04  0.1119    
    8.5+     8 4  0.1217       0.000      0.1392E-03  0.5037E-03  0.4811E-02  0.1860E-03  0.1260E-02  0.1148    
    8.5+     8 5  0.1241       0.000      0.4103E-03  0.1902E-02  0.4126E-03  0.2074E-02  0.2474E-02  0.1168    
    8.5+    10 6  0.5698E-02   0.000      0.1219E-05  0.6875E-05  0.3183E-03  0.6056E-05  0.1561E-04  0.5350E-02
    8.5+    10 7  0.5716E-02   0.000      0.1039E-04  0.7188E-04  0.1163E-03  0.8655E-04  0.4422E-04  0.5386E-02
    8.5+    10 8  0.5736E-02   0.000      0.1968E-03  0.6505E-04  0.8590E-05  0.8954E-04  0.1903E-04  0.5357E-02
    8.5+    12 9  0.2691E-03   0.000      0.7636E-08  0.7173E-06  0.4307E-05  0.1149E-05  0.4956E-06  0.2624E-03
    8.5-     5 1   14.30       0.000      0.2501E-03  0.6717E-03  0.2196E-01  0.1547E-04  0.5992E-03   14.28    
    8.5-     7 2  0.5553       0.000      0.2989E-03  0.1218E-02  0.2616E-02  0.2427E-03  0.2041E-02  0.5489    
    8.5-     7 3  0.5764       0.000      0.1434E-03  0.1570E-02  0.2047E-01  0.3119E-03  0.4545E-02  0.5493    
    8.5-     7 4  0.6053       0.000      0.3512E-04  0.1625E-02  0.2078E-02  0.3228E-03  0.1036E-01  0.5908    
    8.5-     9 5  0.2612E-01   0.000      0.5048E-04  0.1281E-03  0.1771E-02  0.8765E-04  0.5184E-04  0.2403E-01
    8.5-     9 6  0.2630E-01   0.000      0.7325E-04  0.2782E-03  0.8395E-03  0.2791E-03  0.3221E-03  0.2451E-01
    8.5-     9 7  0.2652E-01   0.000      0.1349E-05  0.5169E-03  0.6951E-04  0.6432E-03  0.3062E-03  0.2498E-01
    8.5-    11 8  0.1240E-02   0.000      0.5433E-05  0.6163E-06  0.4488E-04  0.1467E-05  0.3680E-05  0.1184E-02
    8.5-    11 9  0.1242E-02   0.000      0.2467E-04  0.9863E-05  0.1102E-04  0.1375E-04  0.3344E-05  0.1179E-02
    9.5+     6 1   3.391       0.000      0.4919E-04  0.1518E-03  0.5739E-02  0.3125E-05  0.1099E-03   3.385    
    9.5+     8 2  0.1331       0.000      0.6209E-04  0.2846E-03  0.5527E-03  0.5298E-04  0.4459E-03  0.1317    
    9.5+     8 3  0.1352       0.000      0.2560E-04  0.3646E-03  0.4926E-02  0.6669E-04  0.9009E-03  0.1290    
    9.5+     8 4  0.1379       0.000      0.6757E-05  0.3527E-03  0.4759E-03  0.6482E-04  0.2068E-02  0.1349    
    9.5+    10 5  0.6331E-02   0.000      0.1110E-04  0.3286E-04  0.4658E-03  0.2210E-04  0.1125E-04  0.5788E-02
    9.5+    10 6  0.6351E-02   0.000      0.1459E-04  0.6586E-04  0.2227E-03  0.6514E-04  0.6857E-04  0.5914E-02
    9.5+    10 7  0.6373E-02   0.000      0.3402E-06  0.1276E-03  0.1675E-04  0.1558E-03  0.6865E-04  0.6004E-02
    9.5+    12 8  0.2990E-03   0.000      0.1296E-05  0.1478E-06  0.1247E-04  0.3758E-06  0.8228E-06  0.2838E-03
    9.5+    12 9  0.2991E-03   0.000      0.5591E-05  0.2589E-05  0.3072E-05  0.3521E-05  0.7891E-06  0.2836E-03
    9.5-     7 1  0.6404       0.000      0.2085E-03  0.7845E-03  0.2218E-02  0.1511E-03  0.1059E-02  0.6360    
    9.5-     7 2  0.6725       0.000      0.9151E-04  0.5534E-04  0.1967E-02  0.4479E-05  0.7951E-02  0.6624    
    9.5-     9 3  0.2902E-01   0.000      0.2146E-05  0.1447E-03  0.1801E-02  0.2632E-04  0.1262E-04  0.2704E-01
    9.5-     9 4  0.2923E-01   0.000      0.2970E-04  0.1199E-03  0.1227E-02  0.4636E-04  0.2542E-03  0.2755E-01
    9.5-     9 5  0.2946E-01   0.000      0.8280E-04  0.4411E-03  0.9704E-04  0.4767E-03  0.5211E-03  0.2784E-01
    9.5-    11 6  0.1378E-02   0.000      0.2314E-06  0.1882E-05  0.8637E-04  0.1651E-05  0.3395E-05  0.1284E-02
    9.5-    11 7  0.1380E-02   0.000      0.2527E-05  0.1789E-04  0.3176E-04  0.2116E-04  0.1001E-04  0.1296E-02
    9.5-    11 8  0.1382E-02   0.000      0.4431E-04  0.1683E-04  0.2133E-05  0.2256E-04  0.4476E-05  0.1291E-02
    9.5-    13 9  0.6469E-04   0.000      0.1840E-08  0.1900E-06  0.1217E-05  0.2992E-06  0.1158E-06  0.6287E-04
   10.5+     8 1  0.1488       0.000      0.4190E-04  0.1812E-03  0.4848E-03  0.3273E-04  0.2339E-03  0.1478    
   10.5+     8 2  0.1517       0.000      0.1795E-04  0.1309E-04  0.4525E-03  0.1240E-05  0.1578E-02  0.1496    
   10.5+    10 3  0.6964E-02   0.000      0.3729E-06  0.3499E-04  0.4588E-03  0.5736E-05  0.3057E-05  0.6461E-02
   10.5+    10 4  0.6986E-02   0.000      0.6428E-05  0.2905E-04  0.3162E-03  0.1158E-04  0.5210E-04  0.6570E-02
   10.5+    10 5  0.7010E-02   0.000      0.1715E-04  0.1048E-03  0.2309E-04  0.1111E-03  0.1107E-03  0.6643E-02
   10.5+    12 6  0.3288E-03   0.000      0.4496E-07  0.5103E-06  0.2341E-04  0.4451E-06  0.7385E-06  0.3037E-03
   10.5+    12 7  0.3291E-03   0.000      0.6101E-06  0.4484E-05  0.8653E-05  0.5194E-05  0.2247E-05  0.3079E-03
   10.5+    12 8  0.3293E-03   0.000      0.1005E-04  0.4354E-05  0.5302E-06  0.5676E-05  0.1038E-05  0.3076E-03
   10.5+    14 9  0.1536E-04   0.000      0.4408E-09  0.5020E-07  0.3460E-06  0.7813E-07  0.2686E-07  0.1486E-04
   10.5-     7 1  0.7398       0.000      0.9115E-05  0.3224E-04  0.1373E-02  0.5852E-06  0.1879E-04  0.7383    
   10.5-     9 2  0.3193E-01   0.000      0.1309E-04  0.6784E-04  0.1208E-03  0.1170E-04  0.9662E-04  0.3162E-01
   10.5-     9 3  0.3215E-01   0.000      0.4786E-05  0.8627E-04  0.1216E-02  0.1447E-04  0.1814E-03  0.3065E-01
   10.5-     9 4  0.3241E-01   0.000      0.1353E-05  0.7935E-04  0.1110E-03  0.1337E-04  0.4184E-03  0.3179E-01
   10.5-    11 5  0.1516E-02   0.000      0.2454E-05  0.8411E-05  0.1229E-03  0.5539E-05  0.2510E-05  0.1374E-02
   10.5-    11 6  0.1518E-02   0.000      0.2979E-05  0.1586E-04  0.5926E-04  0.1542E-04  0.1469E-04  0.1409E-02
   10.5-    11 7  0.1520E-02   0.000      0.8390E-07  0.3176E-04  0.4099E-05  0.3789E-04  0.1535E-04  0.1431E-02
   10.5-    13 8  0.7116E-04   0.000      0.3080E-06  0.3594E-07  0.3450E-05  0.9675E-07  0.1858E-06  0.6709E-04
   10.5-    13 9  0.7118E-04   0.000      0.1275E-05  0.6785E-06  0.8523E-06  0.8981E-06  0.1855E-06  0.6729E-04
   11.5+     8 1  0.1655       0.000      0.1742E-05  0.7018E-05  0.3283E-03  0.1119E-06  0.3263E-05  0.1651    
   11.5+    10 2  0.7597E-02   0.000      0.2798E-05  0.1640E-04  0.2730E-04  0.2615E-05  0.2085E-04  0.7527E-02
   11.5+    10 3  0.7621E-02   0.000      0.9269E-06  0.2070E-04  0.3050E-03  0.3189E-05  0.3710E-04  0.7254E-02
   11.5+    10 4  0.7647E-02   0.000      0.2782E-06  0.1830E-04  0.2626E-04  0.2820E-05  0.8555E-04  0.7514E-02
   11.5+    12 5  0.3587E-03   0.000      0.5459E-06  0.2152E-05  0.3254E-04  0.1381E-05  0.5642E-06  0.3216E-03
   11.5+    12 6  0.3590E-03   0.000      0.6209E-06  0.3870E-05  0.1581E-04  0.3686E-05  0.3151E-05  0.3318E-03
   11.5+    12 7  0.3592E-03   0.000      0.2039E-07  0.7957E-05  0.1007E-05  0.9259E-05  0.3411E-05  0.3376E-03
   11.5+    14 8  0.1676E-04   0.000      0.7305E-07  0.8831E-08  0.9580E-06  0.2486E-07  0.4158E-07  0.1565E-04
   11.5+    14 9  0.1676E-04   0.000      0.2922E-06  0.1777E-06  0.2385E-06  0.2298E-06  0.4345E-07  0.1578E-04
   11.5-     9 1  0.3507E-01   0.000      0.8624E-05  0.4276E-04  0.1093E-03  0.7206E-05  0.5114E-04  0.3485E-01
   11.5-     9 2  0.3536E-01   0.000      0.3627E-05  0.3163E-05  0.1060E-03  0.3255E-06  0.3174E-03  0.3492E-01
   11.5-    11 3  0.1653E-02   0.000      0.6706E-07  0.8537E-05  0.1179E-03  0.1267E-05  0.7533E-06  0.1525E-02
   11.5-    11 4  0.1656E-02   0.000      0.1406E-05  0.7134E-05  0.8219E-04  0.2900E-05  0.1081E-04  0.1551E-02
   11.5-    11 5  0.1658E-02   0.000      0.3621E-05  0.2526E-04  0.5598E-05  0.2620E-04  0.2365E-04  0.1574E-02
   11.5-    13 6  0.7763E-04   0.000      0.8908E-08  0.1373E-06  0.6342E-05  0.1191E-06  0.1634E-06  0.7086E-04
   11.5-    13 7  0.7765E-04   0.000      0.1466E-06  0.1130E-05  0.2354E-05  0.1279E-05  0.5063E-06  0.7224E-04
   11.5-    13 8  0.7768E-04   0.000      0.2294E-05  0.1127E-05  0.1340E-06  0.1427E-05  0.2403E-06  0.7246E-04
   11.5-    15 9  0.3610E-05   0.000      0.1054E-09  0.1324E-07  0.9760E-07  0.2037E-07  0.5880E-08  0.3473E-05
   12.5+    10 1  0.8256E-02   0.000      0.1810E-05  0.1026E-04  0.2526E-04  0.1612E-05  0.1116E-04  0.8206E-02
   12.5+    10 2  0.8285E-02   0.000      0.7500E-06  0.7744E-06  0.2518E-04  0.8285E-07  0.6456E-04  0.8193E-02
   12.5+    12 3  0.3886E-03   0.000      0.1241E-07  0.2099E-05  0.3057E-04  0.2762E-06  0.1830E-06  0.3555E-03
   12.5+    12 4  0.3889E-03   0.000      0.3104E-06  0.1770E-05  0.2150E-04  0.7246E-06  0.2248E-05  0.3623E-03
   12.5+    12 5  0.3891E-03   0.000      0.7761E-06  0.6161E-05  0.1364E-05  0.6235E-05  0.5050E-05  0.3696E-03
   12.5+    14 6  0.1816E-04   0.000      0.1795E-08  0.3676E-07  0.1728E-05  0.3155E-07  0.3551E-07  0.1632E-04
   12.5+    14 7  0.1816E-04   0.000      0.3512E-07  0.2863E-06  0.6445E-06  0.3179E-06  0.1145E-06  0.1676E-04
   12.5+    14 8  0.1816E-04   0.000      0.5262E-06  0.2921E-06  0.3641E-07  0.3613E-06  0.5543E-07  0.1689E-04
   12.5+    16 9  0.8410E-06   0.000      0.2499E-10  0.3492E-08  0.2777E-07  0.5256E-08  0.1571E-08  0.8029E-06
   12.5-     9 1  0.3830E-01   0.000      0.3444E-06  0.1570E-05  0.7929E-04  0.2186E-07  0.5831E-06  0.3822E-01
   12.5-    11 2  0.1791E-02   0.000      0.6051E-06  0.4012E-05  0.6372E-05  0.5921E-06  0.4494E-05  0.1775E-02
   12.5-    11 3  0.1794E-02   0.000      0.1846E-06  0.5027E-05  0.7757E-04  0.7141E-06  0.7677E-05  0.1702E-02
   12.5-    11 4  0.1796E-02   0.000      0.5840E-07  0.4298E-05  0.6346E-05  0.6079E-06  0.1766E-04  0.1767E-02
   12.5-    13 5  0.8410E-04   0.000      0.1222E-06  0.5509E-06  0.8651E-05  0.3452E-06  0.1278E-06  0.7430E-04
   12.5-    13 6  0.8412E-04   0.000      0.1315E-06  0.9545E-06  0.4224E-05  0.8891E-06  0.6838E-06  0.7724E-04
   12.5-    13 7  0.8415E-04   0.000      0.4913E-08  0.2005E-05  0.2520E-06  0.2271E-05  0.7623E-06  0.7886E-04
   12.5-    15 8  0.3911E-05   0.000      0.1731E-07  0.2187E-08  0.2659E-06  0.6296E-08  0.8813E-08  0.3611E-05
   12.5-    15 9  0.3912E-05   0.000      0.6730E-07  0.4652E-07  0.6647E-07  0.5882E-07  0.9913E-08  0.3662E-05
   13.5+    10 1  0.8922E-02   0.000      0.6989E-07  0.3592E-06  0.1929E-04  0.4301E-08  0.1076E-06  0.8902E-02
   13.5+    12 2  0.4185E-03   0.000      0.1323E-06  0.9902E-06  0.1503E-05  0.1310E-06  0.9576E-06  0.4148E-03
   13.5+    12 3  0.4188E-03   0.000      0.3759E-07  0.1233E-05  0.1993E-04  0.1591E-06  0.1590E-05  0.3958E-03
   13.5+    12 4  0.4191E-03   0.000      0.1246E-07  0.1024E-05  0.1541E-05  0.1297E-06  0.3634E-05  0.4127E-03
   13.5+    14 5  0.1955E-04   0.000      0.2750E-07  0.1413E-06  0.2317E-05  0.8705E-07  0.2812E-07  0.1695E-04
   13.5+    14 6  0.1956E-04   0.000      0.2826E-07  0.2375E-06  0.1137E-05  0.2174E-06  0.1499E-06  0.1778E-04
   13.5+    14 7  0.1956E-04   0.000      0.1177E-08  0.5076E-06  0.6802E-07  0.5634E-06  0.1708E-06  0.1825E-04
   13.5+    16 8  0.9057E-06   0.000      0.4103E-08  0.5446E-09  0.7356E-07  0.1598E-08  0.2283E-08  0.8237E-06
   13.5+    16 9  0.9058E-06   0.000      0.1556E-07  0.1218E-07  0.1874E-07  0.1499E-07  0.2502E-08  0.8418E-06
   13.5-    11 1  0.1931E-02   0.000      0.3857E-06  0.2491E-05  0.5995E-05  0.3662E-06  0.2436E-05  0.1920E-02
   13.5-    11 2  0.1934E-02   0.000      0.1579E-06  0.1916E-06  0.6113E-05  0.2090E-07  0.1327E-04  0.1915E-02
   13.5-    13 3  0.9057E-04   0.000      0.2352E-08  0.5200E-06  0.7983E-05  0.6266E-07  0.4410E-07  0.8196E-04
   13.5-    13 4  0.9060E-04   0.000      0.6908E-07  0.4428E-06  0.5654E-05  0.1824E-06  0.4769E-06  0.8377E-04
   13.5-    13 5  0.9062E-04   0.000      0.1685E-06  0.1517E-05  0.3394E-06  0.1496E-05  0.1092E-05  0.8601E-04
   13.5-    15 6  0.4212E-05   0.000      0.3667E-09  0.9800E-08  0.4722E-06  0.8133E-08  0.7375E-08  0.3714E-05
   13.5-    15 7  0.4212E-05   0.000      0.8398E-08  0.7285E-07  0.1768E-06  0.7931E-07  0.2538E-07  0.3850E-05
   13.5-    15 8  0.4213E-05   0.000      0.1212E-06  0.7584E-07  0.9536E-08  0.9171E-07  0.1250E-07  0.3902E-05
   13.5-    17 9  0.1944E-06   0.000      0.5851E-11  0.9204E-09  0.9034E-08  0.1437E-08  0.5258E-09  0.1825E-06
   14.5+    12 1  0.4487E-03   0.000      0.8330E-07  0.6117E-06  0.1442E-05  0.8235E-07  0.5272E-06  0.4460E-03
   14.5+    12 2  0.4490E-03   0.000      0.3377E-07  0.4787E-07  0.1489E-05  0.4877E-08  0.2717E-05  0.4447E-03
   14.5+    14 3  0.2095E-04   0.000      0.4548E-09  0.1297E-06  0.2106E-05  0.1473E-07  0.9947E-08  0.1869E-04
   14.5+    14 4  0.2095E-04   0.000      0.1549E-07  0.1115E-06  0.1500E-05  0.4652E-07  0.1027E-06  0.1918E-04
   14.5+    14 5  0.2095E-04   0.000      0.3696E-07  0.3767E-06  0.9137E-07  0.3642E-06  0.2377E-06  0.1985E-04
   14.5+    16 6  0.9704E-06   0.000      0.7573E-10  0.2606E-08  0.1284E-06  0.2186E-08  0.1822E-08  0.8353E-06
   14.5+    16 7  0.9705E-06   0.000      0.2006E-08  0.1861E-07  0.4865E-07  0.1986E-07  0.6211E-08  0.8751E-06
   14.5+    16 8  0.9705E-06   0.000      0.2805E-07  0.1972E-07  0.2875E-08  0.2331E-07  0.3070E-08  0.8935E-06
   14.5+    18 9  0.4466E-07   0.000      0.1359E-11  0.2427E-09  0.2841E-08  0.3997E-09  0.1246E-09  0.4105E-07
   14.5-    11 1  0.2073E-02   0.000      0.1449E-07  0.8370E-07  0.4781E-05  0.8445E-09  0.1884E-07  0.2068E-02
   14.5-    13 2  0.9704E-04   0.000      0.2918E-07  0.2464E-06  0.3635E-06  0.3047E-07  0.2075E-06  0.9616E-04
   14.5-    13 3  0.9707E-04   0.000      0.7803E-08  0.3049E-06  0.5160E-05  0.3684E-07  0.3364E-06  0.9122E-04
   14.5-    13 4  0.9710E-04   0.000      0.2696E-08  0.2473E-06  0.3826E-06  0.2904E-07  0.7647E-06  0.9567E-04
   14.5-    15 5  0.4513E-05   0.000      0.6223E-08  0.3634E-07  0.6244E-06  0.2172E-07  0.6140E-08  0.3818E-05
   14.5-    15 6  0.4513E-05   0.000      0.6143E-08  0.5951E-07  0.3077E-06  0.5338E-07  0.3217E-07  0.4054E-05
   14.5-    15 7  0.4514E-05   0.000      0.2810E-09  0.1292E-06  0.1771E-07  0.1404E-06  0.3731E-07  0.4189E-05
   14.5-    17 8  0.2083E-06   0.000      0.9727E-09  0.1364E-09  0.2175E-07  0.4142E-09  0.8341E-09  0.1842E-06
   14.5-    17 9  0.2083E-06   0.000      0.3612E-08  0.3193E-08  0.5918E-08  0.4019E-08  0.7640E-09  0.1908E-06
   15.5+    12 1  0.4789E-03   0.000      0.3059E-08  0.1981E-07  0.1183E-05  0.1456E-09  0.3482E-08  0.4777E-03
   15.5+    14 2  0.2235E-04   0.000      0.6491E-08  0.6176E-07  0.9212E-07  0.7370E-08  0.4495E-07  0.2213E-04
   15.5+    14 3  0.2235E-04   0.000      0.1646E-08  0.7594E-07  0.1352E-05  0.8946E-08  0.7224E-07  0.2084E-04
   15.5+    14 4  0.2235E-04   0.000      0.5899E-09  0.6034E-07  0.1032E-06  0.6776E-08  0.1634E-06  0.2202E-04
   15.5+    16 5  0.1035E-05   0.000      0.1416E-08  0.9370E-08  0.1675E-06  0.5691E-08  0.1374E-08  0.8498E-06
   15.5+    16 6  0.1035E-05   0.000      0.1349E-08  0.1501E-07  0.8342E-07  0.1331E-07  0.7835E-08  0.9142E-06
   15.5+    16 7  0.1035E-05   0.000      0.6693E-10  0.3301E-07  0.5323E-08  0.3519E-07  0.9023E-08  0.9526E-06
   15.5+    18 8  0.4763E-07   0.000      0.2308E-09  0.3431E-10  0.6442E-08  0.1082E-09  0.2722E-09  0.4055E-07
   15.5+    18 9  0.4763E-07   0.000      0.8411E-09  0.8379E-09  0.1775E-08  0.1068E-08  0.2003E-09  0.4291E-07
   15.5-    13 1  0.1035E-03   0.000      0.1819E-07  0.1515E-06  0.3559E-06  0.1937E-07  0.1157E-06  0.1029E-03
   15.5-    13 2  0.1036E-03   0.000      0.7311E-08  0.1205E-07  0.3709E-06  0.1234E-08  0.5693E-06  0.1026E-03
   15.5-    15 3  0.4814E-05   0.000      0.8947E-10  0.3255E-07  0.5596E-06  0.3031E-08  0.2207E-08  0.4216E-05
   15.5-    15 4  0.4814E-05   0.000      0.3493E-08  0.2825E-07  0.4010E-06  0.1169E-07  0.2129E-07  0.4349E-05
   15.5-    15 5  0.4814E-05   0.000      0.8184E-08  0.9420E-07  0.2372E-07  0.8909E-07  0.5000E-07  0.4549E-05
   15.5-    17 6  0.2222E-06   0.000      0.1579E-10  0.6917E-09  0.3657E-07  0.6609E-09  0.6897E-09  0.1836E-06
   15.5-    17 7  0.2222E-06   0.000      0.4789E-09  0.4774E-08  0.1429E-07  0.5287E-08  0.1817E-08  0.1956E-06
   15.5-    17 8  0.2222E-06   0.000      0.6514E-08  0.5140E-08  0.1417E-08  0.6391E-08  0.9573E-09  0.2018E-06
   15.5-    19 9  0.1020E-07   0.000      0.3141E-12  0.6404E-10  0.7257E-09  0.9426E-10  0.7867E-10  0.9235E-08
   16.5+    14 1  0.2375E-04   0.000      0.4013E-08  0.3779E-07  0.9492E-07  0.4813E-08  0.2561E-07  0.2358E-04
   16.5+    14 2  0.2375E-04   0.000      0.1600E-08  0.3055E-08  0.1010E-06  0.3422E-09  0.1374E-06  0.2351E-04
   16.5+    16 3  0.1100E-05   0.000      0.1787E-10  0.8217E-08  0.1484E-06  0.1048E-08  0.5125E-09  0.9417E-06
   16.5+    16 4  0.1100E-05   0.000      0.7925E-09  0.7189E-08  0.1074E-06  0.3174E-08  0.5462E-08  0.9758E-06
   16.5+    16 5  0.1100E-05   0.000      0.1827E-08  0.2371E-07  0.7141E-08  0.2214E-07  0.1219E-07  0.1033E-05
   16.5+    18 6  0.5061E-07   0.000      0.3324E-11  0.1835E-09  0.1054E-07  0.1821E-09  0.2864E-09  0.3942E-07
   16.5+    18 7  0.5061E-07   0.000      0.1143E-09  0.1229E-08  0.4103E-08  0.1386E-08  0.4553E-09  0.4332E-07
   16.5+    18 8  0.5061E-07   0.000      0.1517E-08  0.1342E-08  0.5156E-09  0.1728E-08  0.2883E-09  0.4522E-07
   16.5+    20 9  0.2316E-08   0.000      0.7220E-13  0.1691E-10  0.4468E-09  0.3346E-10  0.2048E-09  0.1614E-08
   16.5-    13 1  0.1100E-03   0.000      0.6554E-09  0.4753E-08  0.2988E-06  0.2716E-10  0.6023E-09  0.1097E-03
   16.5-    15 2  0.5115E-05   0.000      0.1454E-08  0.1558E-07  0.2223E-07  0.1487E-08  0.9035E-08  0.5065E-05
   16.5-    15 3  0.5115E-05   0.000      0.3517E-09  0.1903E-07  0.3574E-06  0.2012E-08  0.1487E-07  0.4721E-05
   16.5-    15 4  0.5115E-05   0.000      0.1303E-09  0.1486E-07  0.2682E-07  0.1372E-08  0.3511E-07  0.5037E-05
   16.5-    17 5  0.2361E-06   0.000      0.3235E-09  0.2422E-08  0.4671E-07  0.1754E-08  0.4625E-09  0.1844E-06
   16.5-    17 6  0.2361E-06   0.000      0.2988E-09  0.3807E-08  0.2375E-07  0.3615E-08  0.2349E-08  0.2023E-06
   16.5-    17 7  0.2361E-06   0.000      0.1592E-10  0.8468E-08  0.2623E-08  0.9569E-08  0.2579E-08  0.2129E-06
   16.5-    19 8  0.1084E-07   0.000      0.5480E-10  0.8670E-11  0.1600E-08  0.3443E-10  0.1326E-09  0.9005E-08
   16.5-    19 9  0.1084E-07   0.000      0.1965E-09  0.2201E-09  0.4008E-09  0.2446E-09  0.8233E-10  0.9692E-08
   17.5+    14 1  0.2515E-04   0.000      0.1422E-09  0.1153E-08  0.8343E-07  0.1169E-10  0.7481E-09  0.2506E-04
   17.5+    16 2  0.1165E-05   0.000      0.3280E-09  0.3950E-08  0.6066E-08  0.5755E-09  0.2455E-08  0.1151E-05
   17.5+    16 3  0.1165E-05   0.000      0.7607E-10  0.4796E-08  0.9494E-07  0.6819E-09  0.3864E-08  0.1060E-05
   17.5+    16 4  0.1165E-05   0.000      0.2903E-10  0.3690E-08  0.8125E-08  0.4893E-09  0.1679E-07  0.1135E-05
   17.5+    18 5  0.5359E-07   0.000      0.7425E-10  0.6275E-09  0.1323E-07  0.4875E-09  0.2478E-09  0.3893E-07
   17.5+    18 6  0.5358E-07   0.000      0.6670E-10  0.9705E-09  0.6678E-08  0.9492E-09  0.5871E-09  0.4433E-07
   17.5+    18 7  0.5359E-07   0.000      0.3782E-11  0.2180E-08  0.9462E-09  0.2558E-08  0.6170E-09  0.4728E-07
   17.5+    20 8  0.2452E-08   0.000      0.1302E-10  0.2198E-11  0.6589E-09  0.3564E-10  0.5390E-09  0.1203E-08
   17.5+    20 9  0.2455E-08   0.000      0.4602E-10  0.5789E-10  0.1448E-09  0.9380E-10  0.1664E-09  0.1946E-08
   17.5-    15 1  0.5416E-05   0.000      0.8924E-09  0.9485E-08  0.2489E-07  0.1090E-08  0.5422E-08  0.5374E-05
   17.5-    15 2  0.5416E-05   0.000      0.3536E-09  0.7786E-09  0.2639E-07  0.6971E-10  0.2370E-07  0.5365E-05
   17.5-    17 3  0.2500E-06   0.000      0.3618E-11  0.2084E-08  0.4094E-07  0.6270E-09  0.2558E-09  0.2061E-06
   17.5-    17 4  0.2500E-06   0.000      0.1807E-09  0.1838E-08  0.3010E-07  0.1053E-08  0.1874E-08  0.2150E-06
   17.5-    17 5  0.2500E-06   0.000      0.4107E-09  0.6003E-08  0.3552E-08  0.6064E-08  0.3632E-08  0.2303E-06
   17.5-    19 6  0.1147E-07   0.000      0.7053E-12  0.4866E-10  0.2578E-08  0.7145E-10  0.1161E-09  0.8658E-08
   17.5-    19 7  0.1147E-07   0.000      0.2730E-10  0.3174E-09  0.9519E-09  0.3205E-09  0.1758E-09  0.9681E-08
   17.5-    19 8  0.1147E-07   0.000      0.3546E-09  0.3510E-09  0.1301E-09  0.4307E-09  0.1099E-09  0.1009E-07
   17.5-    21 9  0.5227E-09   0.000      0.1643E-13  0.4468E-11  0.2710E-09  0.1934E-10  0.1310E-09  0.9689E-10
   18.5+    16 1  0.1229E-05   0.000      0.1999E-09  0.2395E-08  0.7315E-08  0.3977E-09  0.1435E-08  0.1218E-05
   18.5+    16 2  0.1229E-05   0.000      0.7878E-10  0.1993E-09  0.8115E-08  0.5053E-10  0.2397E-07  0.1197E-05
   18.5+    18 3  0.5657E-07   0.000      0.7414E-12  0.5311E-09  0.1147E-07  0.1884E-09  0.1705E-09  0.4421E-07
   18.5+    18 4  0.5656E-07   0.000      0.4141E-10  0.4719E-09  0.8360E-08  0.2963E-09  0.5007E-09  0.4689E-07
   18.5+    18 5  0.5656E-07   0.000      0.9291E-10  0.1527E-08  0.1281E-08  0.1611E-08  0.8242E-09  0.5123E-07
   18.5+    20 6  0.2588E-08   0.000      0.1506E-12  0.1290E-10  0.8716E-09  0.1213E-09  0.6416E-09  0.9404E-09
   18.5+    20 7  0.2591E-08   0.000      0.6523E-11  0.8222E-10  0.2881E-09  0.1408E-09  0.3047E-09  0.1769E-08
   18.5+    20 8  0.2590E-08   0.000      0.8309E-10  0.9197E-10  0.1621E-09  0.2996E-09  0.3661E-09  0.1587E-08
   18.5+    22 9  0.1153E-09   0.000      0.3683E-14  0.1182E-11  0.3931E-10  0.1431E-11  0.1892E-11  0.7152E-10
   18.5-    15 1  0.5717E-05   0.000      0.3116E-10  0.2824E-09  0.2209E-07  0.8049E-11  0.7485E-08  0.5687E-05
   18.5-    17 2  0.2639E-06   0.000      0.7440E-10  0.1006E-08  0.2423E-08  0.3996E-09  0.9575E-09  0.2590E-06
   18.5-    17 3  0.2639E-06   0.000      0.1662E-10  0.1215E-08  0.2659E-07  0.3728E-09  0.1377E-08  0.2343E-06
   18.5-    17 4  0.2639E-06   0.000      0.6510E-11  0.9225E-09  0.4121E-08  0.3234E-09  0.1209E-06  0.1376E-06
   18.5-    19 5  0.1211E-07   0.000      0.1711E-10  0.1630E-09  0.3201E-08  0.1743E-09  0.6972E-10  0.8485E-08
   18.5-    19 6  0.1211E-07   0.000      0.1499E-10  0.2485E-09  0.1556E-08  0.2316E-09  0.2439E-09  0.9816E-08
   18.5-    19 7  0.1211E-07   0.000      0.8980E-12  0.5633E-09  0.2488E-09  0.6383E-09  0.2679E-09  0.1039E-07
   18.5-    21 8  0.5518E-09   0.000      0.3098E-11  0.5582E-12  0.3416E-09  0.2790E-10  0.3017E-09 -0.1231E-09
   18.5-    21 9  0.5541E-09   0.000      0.1080E-10  0.1525E-10  0.6157E-10  0.3765E-10  0.7751E-10  0.3513E-09
   19.5+    16 1  0.1294E-05   0.000      0.6892E-11  0.6972E-10  0.7012E-08  0.6377E-11  0.4213E-08  0.1283E-05
   19.5+    18 2  0.5954E-07   0.000      0.1696E-10  0.2575E-09  0.7684E-09  0.1227E-09  0.2620E-09  0.5812E-07
   19.5+    18 3  0.5954E-07   0.000      0.3663E-11  0.3092E-09  0.7364E-08  0.1147E-09  0.3613E-09  0.5139E-07
   19.5+    18 4  0.5954E-07   0.000      0.1469E-11  0.2321E-09  0.1492E-08  0.1287E-09  0.2326E-07  0.3442E-07
   19.5+    20 5  0.2724E-08   0.000      0.3956E-11  0.4243E-10  0.9832E-09  0.2847E-09  0.5476E-09  0.8624E-09
   19.5+    20 6  0.2727E-08   0.000      0.3390E-11  0.6389E-10  0.4323E-09  0.1393E-09  0.4247E-09  0.1664E-08
   19.5+    20 7  0.2726E-08   0.000      0.2132E-12  0.1460E-09  0.3326E-09  0.4503E-09  0.5241E-09  0.1273E-08
   19.5+    22 8  0.1214E-09   0.000      0.7379E-12  0.1418E-12  0.4812E-10  0.2256E-11  0.1500E-11  0.6866E-10
   19.5+    22 9  0.1245E-09   0.000      0.2543E-11  0.4020E-11  0.3381E-10  0.2975E-11  0.1695E-11  0.7948E-10
   19.5-    17 1  0.2778E-06   0.000      0.4510E-10  0.6078E-09  0.3284E-08  0.2396E-09  0.5298E-09  0.2731E-06
   19.5-    17 2  0.2778E-06   0.000      0.1768E-10  0.5122E-10  0.4264E-08  0.1292E-09  0.1304E-06  0.1429E-06
   19.5-    19 3  0.1275E-07   0.000      0.1535E-12  0.1359E-09  0.2754E-08  0.1370E-09  0.5236E-10  0.9668E-08
   19.5-    19 4  0.1275E-07   0.000      0.9529E-11  0.1216E-09  0.1940E-08  0.9469E-10  0.2305E-09  0.1035E-07
   19.5-    19 5  0.1274E-07   0.000      0.2114E-10  0.3903E-09  0.3384E-09  0.4254E-09  0.4253E-09  0.1114E-07
   19.5-    21 6  0.5808E-09   0.000      0.3227E-13  0.3421E-11  0.4018E-09  0.8046E-10  0.3556E-09 -0.2604E-09
   19.5-    21 7  0.5833E-09   0.000      0.1559E-11  0.2136E-10  0.1064E-09  0.5870E-10  0.1409E-09  0.2544E-09
   19.5-    21 8  0.5828E-09   0.000      0.1952E-10  0.2414E-10  0.1079E-09  0.1614E-09  0.1919E-09  0.7784E-10
   19.5-    23 9  0.2654E-10   0.000      0.8072E-15  0.3129E-12  0.6247E-09  0.2941E-10  0.7171E-10 -0.6996E-09
   20.5+    18 1  0.6252E-07   0.000      0.1023E-10  0.1550E-09  0.1105E-08  0.7543E-10  0.1486E-09  0.6102E-07
   20.5+    18 2  0.6252E-07   0.000      0.3993E-11  0.1321E-10  0.1561E-08  0.6831E-10  0.1371E-07  0.4716E-07
   20.5+    20 3  0.2860E-08   0.000      0.3206E-13  0.3491E-10  0.8400E-09  0.3780E-09  0.4279E-09  0.1180E-08
   20.5+    20 4  0.2864E-08   0.000      0.2201E-11  0.3145E-10  0.5181E-09  0.1136E-09  0.4694E-09  0.1729E-08
   20.5+    20 5  0.2863E-08   0.000      0.4833E-11  0.1002E-09  0.4563E-09  0.3814E-09  0.8353E-09  0.1085E-08
   20.5+    22 6  0.1276E-09   0.000      0.6935E-14  0.9074E-12  0.5542E-10  0.2520E-11  0.1139E-11  0.6761E-10
   20.5+    22 7  0.1308E-09   0.000      0.3729E-12  0.5561E-11  0.4749E-10  0.4716E-11  0.3535E-11  0.6909E-10
   20.5+    22 8  0.1289E-09   0.000      0.4595E-11  0.6349E-11  0.1432E-10  0.2815E-11  0.9973E-12  0.9981E-10
   20.5+    24 9  0.5716E-11   0.000      0.1709E-15  0.8289E-13  0.5076E-09  0.3615E-10  0.5692E-10 -0.5951E-09
   20.5-    17 1  0.2917E-06   0.000      0.1535E-11  0.1734E-10  0.3943E-08  0.2868E-10  0.5555E-08  0.2821E-06
   20.5-    19 2  0.1338E-07   0.000      0.3886E-11  0.6616E-10  0.1997E-09  0.9734E-10  0.1623E-09  0.1286E-07
   20.5-    19 3  0.1339E-07   0.000      0.8137E-12  0.7906E-10  0.1689E-08  0.5264E-10  0.1836E-09  0.1138E-07
   20.5-    19 4  0.1338E-07   0.000      0.3332E-12  0.5870E-10  0.3929E-09  0.6454E-10  0.8734E-08  0.4131E-08
   20.5-    21 5  0.6099E-09   0.000      0.9178E-12  0.1107E-10  0.4211E-09  0.1728E-09  0.3076E-09 -0.3036E-09
   20.5-    21 6  0.6123E-09   0.000      0.7708E-12  0.1648E-10  0.1484E-09  0.6269E-10  0.1954E-09  0.1885E-09
   20.5-    21 7  0.6119E-09   0.000      0.5064E-13  0.3794E-10  0.2169E-09  0.2398E-09  0.2871E-09 -0.1699E-09
   20.5-    23 8  0.2791E-10   0.000      0.1759E-12  0.3598E-13  0.7069E-09  0.4424E-10  0.1290E-09 -0.8524E-09
   20.5-    23 9  0.2967E-10   0.000      0.5996E-12  0.1061E-11  0.2548E-09  0.4322E-10  0.4410E-10 -0.3141E-09
