# Fusion cross sections for ELAB=  98.900, ECM=   7.376
     0.5   12.97      1
     0.5   27.07     -1
     1.5   52.77      1
     1.5   103.1     -1
     2.5   89.19      1
     2.5   183.8     -1
     3.5   119.2      1
     3.5   229.3     -1
     4.5   100.9      1
     4.5   214.1     -1
     5.5   93.54      1
     5.5   173.9     -1
     6.5   53.20      1
     6.5   117.1     -1
     7.5   34.44      1
     7.5   59.03     -1
     8.5   6.173      1
     8.5   22.18     -1
     9.5   3.789      1
     9.5   5.168     -1
    10.5  0.3166      1
    10.5   1.151     -1
    11.5  0.1878      1
    11.5  0.2621     -1
    12.5  0.1745E-01  1
    12.5  0.6100E-01 -1
    13.5  0.1014E-01  1
    13.5  0.1422E-01 -1
    14.5  0.9455E-03  1
    14.5  0.3299E-02 -1
    15.5  0.5431E-03  1
    15.5  0.7608E-03 -1
    16.5  0.4978E-04  1
    16.5  0.1743E-03 -1
    17.5  0.2837E-04  1
    17.5  0.3968E-04 -1
    18.5  0.2530E-05  1
    18.5  0.8828E-05 -1
    19.5  0.1415E-05  1
    19.5  0.1851E-05 -1
    20.5  0.1076E-06  1
    20.5  0.4102E-06 -1
 &
