# 361 angles,  1 tensor ranks for 0=projectile
@subtitle   "25Al(d,n)26Si"                                                                 
@legend ON
@legend x1 0.2
@legend y1 0.8
@g0 type LOGY
@yaxis ticklabel format power
@legend string   0 "Lab energy =   98.9000"
#legend string   0 "Partition=  1 Excit=  1 near/far= 1"
#  Theta       sigma       iT11        T20         T21         T22         Kyy for projectile
  0.1000E-01   1.000    
  0.5000      0.9995    
   1.000      0.9993    
   1.500       1.002    
   2.000       1.007    
   2.500       1.013    
   3.000       1.018    
   3.500       1.020    
   4.000       1.020    
   4.500       1.016    
   5.000       1.010    
   5.500       1.000    
   6.000      0.9878    
   6.500      0.9728    
   7.000      0.9559    
   7.500      0.9372    
   8.000      0.9174    
   8.500      0.8968    
   9.000      0.8759    
   9.500      0.8549    
   10.00      0.8343    
   10.50      0.8144    
   11.00      0.7954    
   11.50      0.7776    
   12.00      0.7612    
   12.50      0.7464    
   13.00      0.7332    
   13.50      0.7218    
   14.00      0.7123    
   14.50      0.7046    
   15.00      0.6988    
   15.50      0.6949    
   16.00      0.6927    
   16.50      0.6923    
   17.00      0.6934    
   17.50      0.6961    
   18.00      0.7002    
   18.50      0.7056    
   19.00      0.7120    
   19.50      0.7194    
   20.00      0.7276    
   20.50      0.7365    
   21.00      0.7458    
   21.50      0.7554    
   22.00      0.7652    
   22.50      0.7749    
   23.00      0.7845    
   23.50      0.7937    
   24.00      0.8025    
   24.50      0.8107    
   25.00      0.8181    
   25.50      0.8247    
   26.00      0.8304    
   26.50      0.8351    
   27.00      0.8387    
   27.50      0.8410    
   28.00      0.8422    
   28.50      0.8421    
   29.00      0.8407    
   29.50      0.8380    
   30.00      0.8339    
   30.50      0.8286    
   31.00      0.8219    
   31.50      0.8141    
   32.00      0.8049    
   32.50      0.7946    
   33.00      0.7832    
   33.50      0.7708    
   34.00      0.7574    
   34.50      0.7431    
   35.00      0.7280    
   35.50      0.7121    
   36.00      0.6957    
   36.50      0.6788    
   37.00      0.6614    
   37.50      0.6437    
   38.00      0.6258    
   38.50      0.6078    
   39.00      0.5899    
   39.50      0.5720    
   40.00      0.5542    
   40.50      0.5368    
   41.00      0.5198    
   41.50      0.5032    
   42.00      0.4871    
   42.50      0.4717    
   43.00      0.4569    
   43.50      0.4429    
   44.00      0.4297    
   44.50      0.4173    
   45.00      0.4058    
   45.50      0.3952    
   46.00      0.3855    
   46.50      0.3768    
   47.00      0.3691    
   47.50      0.3623    
   48.00      0.3565    
   48.50      0.3516    
   49.00      0.3477    
   49.50      0.3447    
   50.00      0.3426    
   50.50      0.3414    
   51.00      0.3409    
   51.50      0.3412    
   52.00      0.3423    
   52.50      0.3440    
   53.00      0.3463    
   53.50      0.3492    
   54.00      0.3526    
   54.50      0.3564    
   55.00      0.3606    
   55.50      0.3652    
   56.00      0.3699    
   56.50      0.3749    
   57.00      0.3800    
   57.50      0.3852    
   58.00      0.3905    
   58.50      0.3957    
   59.00      0.4008    
   59.50      0.4057    
   60.00      0.4105    
   60.50      0.4151    
   61.00      0.4194    
   61.50      0.4235    
   62.00      0.4272    
   62.50      0.4306    
   63.00      0.4336    
   63.50      0.4362    
   64.00      0.4384    
   64.50      0.4403    
   65.00      0.4417    
   65.50      0.4427    
   66.00      0.4433    
   66.50      0.4435    
   67.00      0.4433    
   67.50      0.4427    
   68.00      0.4418    
   68.50      0.4406    
   69.00      0.4390    
   69.50      0.4371    
   70.00      0.4350    
   70.50      0.4327    
   71.00      0.4302    
   71.50      0.4275    
   72.00      0.4247    
   72.50      0.4218    
   73.00      0.4188    
   73.50      0.4158    
   74.00      0.4129    
   74.50      0.4099    
   75.00      0.4071    
   75.50      0.4043    
   76.00      0.4017    
   76.50      0.3993    
   77.00      0.3971    
   77.50      0.3951    
   78.00      0.3933    
   78.50      0.3918    
   79.00      0.3906    
   79.50      0.3897    
   80.00      0.3892    
   80.50      0.3889    
   81.00      0.3890    
   81.50      0.3894    
   82.00      0.3902    
   82.50      0.3913    
   83.00      0.3928    
   83.50      0.3946    
   84.00      0.3967    
   84.50      0.3992    
   85.00      0.4019    
   85.50      0.4049    
   86.00      0.4082    
   86.50      0.4118    
   87.00      0.4155    
   87.50      0.4195    
   88.00      0.4237    
   88.50      0.4279    
   89.00      0.4323    
   89.50      0.4368    
   90.00      0.4414    
   90.50      0.4460    
   91.00      0.4505    
   91.50      0.4551    
   92.00      0.4595    
   92.50      0.4639    
   93.00      0.4681    
   93.50      0.4721    
   94.00      0.4760    
   94.50      0.4796    
   95.00      0.4829    
   95.50      0.4860    
   96.00      0.4888    
   96.50      0.4912    
   97.00      0.4932    
   97.50      0.4949    
   98.00      0.4962    
   98.50      0.4970    
   99.00      0.4974    
   99.50      0.4973    
   100.0      0.4968    
   100.5      0.4958    
   101.0      0.4943    
   101.5      0.4923    
   102.0      0.4898    
   102.5      0.4868    
   103.0      0.4833    
   103.5      0.4793    
   104.0      0.4748    
   104.5      0.4698    
   105.0      0.4644    
   105.5      0.4585    
   106.0      0.4522    
   106.5      0.4454    
   107.0      0.4382    
   107.5      0.4306    
   108.0      0.4226    
   108.5      0.4142    
   109.0      0.4056    
   109.5      0.3966    
   110.0      0.3873    
   110.5      0.3778    
   111.0      0.3680    
   111.5      0.3580    
   112.0      0.3479    
   112.5      0.3376    
   113.0      0.3272    
   113.5      0.3168    
   114.0      0.3062    
   114.5      0.2957    
   115.0      0.2851    
   115.5      0.2746    
   116.0      0.2642    
   116.5      0.2538    
   117.0      0.2436    
   117.5      0.2336    
   118.0      0.2237    
   118.5      0.2140    
   119.0      0.2046    
   119.5      0.1954    
   120.0      0.1865    
   120.5      0.1779    
   121.0      0.1696    
   121.5      0.1617    
   122.0      0.1542    
   122.5      0.1471    
   123.0      0.1403    
   123.5      0.1340    
   124.0      0.1281    
   124.5      0.1226    
   125.0      0.1177    
   125.5      0.1131    
   126.0      0.1091    
   126.5      0.1055    
   127.0      0.1025    
   127.5      0.9990E-01
   128.0      0.9782E-01
   128.5      0.9624E-01
   129.0      0.9516E-01
   129.5      0.9457E-01
   130.0      0.9448E-01
   130.5      0.9489E-01
   131.0      0.9578E-01
   131.5      0.9716E-01
   132.0      0.9902E-01
   132.5      0.1013    
   133.0      0.1041    
   133.5      0.1074    
   134.0      0.1110    
   134.5      0.1152    
   135.0      0.1197    
   135.5      0.1246    
   136.0      0.1300    
   136.5      0.1357    
   137.0      0.1418    
   137.5      0.1482    
   138.0      0.1550    
   138.5      0.1621    
   139.0      0.1695    
   139.5      0.1772    
   140.0      0.1852    
   140.5      0.1935    
   141.0      0.2020    
   141.5      0.2108    
   142.0      0.2197    
   142.5      0.2289    
   143.0      0.2383    
   143.5      0.2478    
   144.0      0.2575    
   144.5      0.2674    
   145.0      0.2773    
   145.5      0.2874    
   146.0      0.2976    
   146.5      0.3079    
   147.0      0.3183    
   147.5      0.3287    
   148.0      0.3392    
   148.5      0.3497    
   149.0      0.3603    
   149.5      0.3709    
   150.0      0.3815    
   150.5      0.3920    
   151.0      0.4026    
   151.5      0.4131    
   152.0      0.4236    
   152.5      0.4341    
   153.0      0.4445    
   153.5      0.4548    
   154.0      0.4651    
   154.5      0.4753    
   155.0      0.4854    
   155.5      0.4954    
   156.0      0.5054    
   156.5      0.5152    
   157.0      0.5249    
   157.5      0.5345    
   158.0      0.5439    
   158.5      0.5533    
   159.0      0.5625    
   159.5      0.5715    
   160.0      0.5804    
   160.5      0.5892    
   161.0      0.5978    
   161.5      0.6062    
   162.0      0.6145    
   162.5      0.6226    
   163.0      0.6305    
   163.5      0.6383    
   164.0      0.6458    
   164.5      0.6532    
   165.0      0.6604    
   165.5      0.6674    
   166.0      0.6742    
   166.5      0.6808    
   167.0      0.6872    
   167.5      0.6933    
   168.0      0.6993    
   168.5      0.7050    
   169.0      0.7106    
   169.5      0.7159    
   170.0      0.7209    
   170.5      0.7258    
   171.0      0.7304    
   171.5      0.7348    
   172.0      0.7389    
   172.5      0.7428    
   173.0      0.7465    
   173.5      0.7499    
   174.0      0.7531    
   174.5      0.7561    
   175.0      0.7587    
   175.5      0.7612    
   176.0      0.7634    
   176.5      0.7653    
   177.0      0.7670    
   177.5      0.7684    
   178.0      0.7695    
   178.5      0.7704    
   179.0      0.7711    
   179.5      0.7715    
   180.0      0.7716    
 END
