# Fusion cross sections for ELAB=  98.900, ECM=   7.376
     0.5   27.09       27.66      0.5754    
     1.5   103.2       105.2       1.987    
     2.5   184.5       188.2       3.688    
     3.5   231.0       238.3       7.311    
     4.5   216.2       223.5       7.335    
     5.5   175.4       180.7       5.257    
     6.5   117.9       120.0       2.153    
     7.5   59.29       60.02      0.7364    
     8.5   22.24       22.41      0.1703    
     9.5   5.184       5.222      0.3813E-01
    10.5   1.155       1.163      0.8607E-02
    11.5  0.2631      0.2651      0.1983E-02
    12.5  0.6124E-01  0.6170E-01  0.4658E-03
    13.5  0.1428E-01  0.1439E-01  0.1113E-03
    14.5  0.3314E-02  0.3341E-02  0.2706E-04
    15.5  0.7647E-03  0.7714E-03  0.6704E-05
    16.5  0.1753E-03  0.1771E-03  0.1723E-05
    17.5  0.3996E-04  0.4042E-04  0.4624E-06
    18.5  0.8908E-05  0.9182E-05  0.2742E-06
    19.5  0.1877E-05  0.2077E-05  0.1995E-06
    20.5  0.4209E-06  0.4677E-06  0.4687E-07
 &
