# KN1,E,l,j,2j+1,N =   7  -0.05000   0  0.5   2 551
   9.99999931E-04  -0.0000000000000000     
  0.100000001       5.5992737175705048E-002
  0.200000003      0.11100872679487311     
  0.300000012      0.16408948694228120     
  0.400000006      0.21431168075903295     
  0.500000000      0.26080330389546114     
  0.600000024      0.30275900823983393     
  0.699999988      0.33945429176637176     
  0.800000012      0.37025829739596028     
  0.899999976      0.39464498023828865     
   1.00000000      0.41220242355961284     
   1.10000002      0.42264010868441310     
   1.20000005      0.42579396793167351     
   1.29999995      0.42162908564621382     
   1.39999998      0.41023993952851279     
   1.50000000      0.39184811674997766     
   1.60000002      0.36679747821247427     
   1.70000005      0.33554678853123759     
   1.79999995      0.29865987967546148     
   1.89999998      0.25679346762202998     
   2.00000000      0.21068280301543496     
   2.09999990      0.16112539685941321     
   2.20000005      0.10896313426262792     
   2.29999995       5.5063156461725007E-002
   2.40000010       2.9796846497270370E-004
   2.50000000      -5.4474701580429420E-002
   2.59999990     -0.10843170015916359     
   2.70000005     -0.16080326120785321     
   2.79999995     -0.21089016361223981     
   2.90000010     -0.25807856472182983     
   3.00000000     -0.30185188539235636     
   3.09999990     -0.34179921225975590     
   3.20000005     -0.37761982659934912     
   3.29999995     -0.40912366024570213     
   3.40000010     -0.43622770676116851     
   3.50000000     -0.45894866961093650     
   3.59999990     -0.47739236442573718     
   3.70000005     -0.49174062605036312     
   3.79999995     -0.50223692354621441     
   3.90000010     -0.50917254527098010     
   4.00000000     -0.51287174454719164     
   4.09999990     -0.51367732253637921     
   4.19999981     -0.51193771434386037     
   4.30000019     -0.50799605452892616     
   4.40000010     -0.50218144953232602     
   4.50000000     -0.49480248512192249     
   4.59999990     -0.48614283812872511     
   4.69999981     -0.47645874990040527     
   4.80000019     -0.46597805430000377     
   4.90000010     -0.45490043094995636     
   5.00000000     -0.44339856639662101     
   5.09999990     -0.43161993615970001     
   5.19999981     -0.41968896627198604     
   5.30000019     -0.40770938072037788     
   5.40000010     -0.39576658798366637     
   5.50000000     -0.38393142010321146     
   5.59999990     -0.37225806169513170     
   5.69999981     -0.36079031132161421     
   5.80000019     -0.34956196936122841     
   5.90000010     -0.33859843928583722     
   6.00000000     -0.32791812898789569     
   6.09999990     -0.31753366370912206     
   6.19999981     -0.30745292625234244     
   6.30000019     -0.29767994194628433     
   6.40000010     -0.28821562626027447     
   6.50000000     -0.27905841242362123     
   6.59999990     -0.27020477530313686     
   6.69999981     -0.26164966633773895     
   6.80000019     -0.25338687276898436     
   6.90000010     -0.24540931284790971     
   7.00000000     -0.23770927717638957     
   7.09999990     -0.23027862493310364     
   7.19999981     -0.22310894248780991     
   7.30000019     -0.21619167075896925     
   7.40000010     -0.20951820671059654     
   7.50000000     -0.20307998350997533     
   7.59999990     -0.19686853314513272     
   7.69999981     -0.19087553466944823     
   7.80000019     -0.18509285071294165     
   7.90000010     -0.17951255445037215     
   8.00000000     -0.17412694884138061     
   8.10000038     -0.16892857963901839     
   8.19999981     -0.16391024340349547     
   8.30000019     -0.15906499153569209     
   8.39999962     -0.15438613116398628     
   8.50000000     -0.14986722356604562     
   8.60000038     -0.14550208068185908     
   8.69999981     -0.14128476017148356     
   8.80000019     -0.13720955938500601     
   8.89999962     -0.13327100854165369     
   9.00000000     -0.12946386335764357     
   9.10000038     -0.12578309731463702     
   9.19999981     -0.12222389372153429     
   9.30000019     -0.11878163769062712     
   9.39999962     -0.11545190812294542     
   9.50000000     -0.11223046977653765     
   9.60000038     -0.10911326547418748     
   9.69999981     -0.10609640849298206     
   9.80000019     -0.10317617516685874     
   9.89999962     -0.10034899772429705     
   10.0000000      -9.7611457375858315E-002
   10.1000004      -9.4960277660614045E-002
   10.1999998      -9.2392318055794925E-002
   10.3000002      -8.9904567850483952E-002
   10.3999996      -8.7494140281306990E-002
   10.5000000      -8.5158266925917825E-002
   10.6000004      -8.2894292348495949E-002
   10.6999998      -8.0699668990229748E-002
   10.8000002      -7.8571952296934089E-002
   10.8999996      -7.6508796075356988E-002
   11.0000000      -7.4507948069369792E-002
   11.1000004      -7.2567245747055129E-002
   11.1999998      -7.0684612289649146E-002
   11.3000002      -6.8858052773354023E-002
   11.3999996      -6.7085650535168809E-002
   11.5000000      -6.5365563714089567E-002
   11.6000004      -6.3696021959268656E-002
   11.6999998      -6.2075323296997886E-002
   11.8000002      -6.0501831148680262E-002
   11.8999996      -5.8973971492263758E-002
   12.0000000      -5.7490230159929406E-002
   12.1000004      -5.6049150265147799E-002
   12.1999998      -5.4649329752533019E-002
   12.3000002      -5.3289419064240527E-002
   12.3999996      -5.1968118916960133E-002
   12.5000000      -5.0684178183852353E-002
   12.6000004      -4.9436391876066049E-002
   12.6999998      -4.8223599218749164E-002
   12.8000002      -4.7044681816732679E-002
   12.8999996      -4.5898561905319400E-002
   13.0000000      -4.4784200681852467E-002
   13.1000004      -4.3700596713968483E-002
   13.1999998      -4.2646784420659070E-002
   13.3000002      -4.1621832622472932E-002
   13.3999996      -4.0624843157386896E-002
   13.5000000      -3.9654949559061715E-002
   13.6000004      -3.8711315794374229E-002
   13.6999998      -3.7793135057285203E-002
   13.8000002      -3.6899628616259228E-002
   13.8999996      -3.6030044712602821E-002
   14.0000000      -3.5183657507227087E-002
   14.1000004      -3.4359766073474657E-002
   14.1999998      -3.3557693433775848E-002
   14.3000002      -3.2776785638017517E-002
   14.3999996      -3.2016410881619869E-002
   14.5000000      -3.1275958661422000E-002
   14.6000004      -3.0554838967576364E-002
   14.6999998      -2.9852481509746565E-002
   14.8000002      -2.9168334975991386E-002
   14.8999996      -2.8501866322801824E-002
   15.0000000      -2.7852560094836734E-002
   15.1000004      -2.7219917772977768E-002
   15.1999998      -2.6603457149394251E-002
   15.3000002      -2.6002711728375646E-002
   15.3999996      -2.5417230151751995E-002
   15.5000000      -2.4846575647782213E-002
   15.6000004      -2.4290325502446232E-002
   15.6999998      -2.3748070552130338E-002
   15.8000002      -2.3219414696744912E-002
   15.8999996      -2.2703974432361711E-002
   16.0000000      -2.2201378402502442E-002
   16.1000004      -2.1711266967253059E-002
   16.2000008      -2.1233291789418539E-002
   16.2999992      -2.0767115436970802E-002
   16.3999996      -2.0312411001078771E-002
   16.5000000      -1.9868861729043549E-002
   16.6000004      -1.9436160671494229E-002
   16.7000008      -1.9014010343230480E-002
   16.7999992      -1.8602122397127146E-002
   16.8999996      -1.8200217310543731E-002
   17.0000000      -1.7808024083707758E-002
   17.1000004      -1.7425279949565844E-002
   17.2000008      -1.7051730094619889E-002
   17.2999992      -1.6687127390288100E-002
   17.3999996      -1.6331232134351826E-002
   17.5000000      -1.5983811802069339E-002
   17.6000004      -1.5644640806556767E-002
   17.7000008      -1.5313500268054669E-002
   17.7999992      -1.4990177791715938E-002
   17.8999996      -1.4674467253567211E-002
   18.0000000      -1.4366168594311494E-002
   18.1000004      -1.4065087620654651E-002
   18.2000008      -1.3771035813852453E-002
   18.2999992      -1.3483830145188377E-002
   18.3999996      -1.3203292898105070E-002
   18.5000000      -1.2929251496724622E-002
   18.6000004      -1.2661538340504340E-002
   18.7000008      -1.2399990644785724E-002
   18.7999992      -1.2144450287004950E-002
   18.8999996      -1.1894763658343022E-002
   19.0000000      -1.1650781520603431E-002
   19.1000004      -1.1412358868114173E-002
   19.2000008      -1.1179354794459665E-002
   19.2999992      -1.0951632363856314E-002
   19.3999996      -1.0729058486993471E-002
   19.5000000      -1.0511503801168897E-002
   19.6000004      -1.0298842554555106E-002
   19.7000008      -1.0090952494439797E-002
   19.7999992      -9.8877147592900325E-003
   19.8999996      -9.6890137744961892E-003
   20.0000000      -9.4947371516574865E-003
   20.1000004      -9.3047755912767510E-003
   20.2000008      -9.1190227887373472E-003
   20.2999992      -8.9373753434405252E-003
   20.3999996      -8.7597326709862484E-003
   20.5000000      -8.5859969182854635E-003
   20.6000004      -8.4160728814961071E-003
   20.7000008      -8.2498679266796594E-003
   20.7999992      -8.0872919130790324E-003
   20.8999996      -7.9282571189226523E-003
   21.0000000      -7.7726781696633024E-003
   21.1000004      -7.6204719685639419E-003
   21.2000008      -7.4715576295461932E-003
   21.2999992      -7.3258564122204752E-003
   21.3999996      -7.1832916590199589E-003
   21.5000000      -7.0437887343635210E-003
   21.6000004      -6.9072749657758383E-003
   21.7000008      -6.7736795868955013E-003
   21.7999992      -6.6429336823046947E-003
   21.8999996      -6.5149701341165973E-003
   22.0000000      -6.3897235702590326E-003
   22.1000004      -6.2671303143952990E-003
   22.2000008      -6.1471283374253428E-003
   22.2999992      -6.0296572105125830E-003
   22.3999996      -5.9146580595837786E-003
   22.5000000      -5.8020735212513065E-003
   22.6000004      -5.6918477001090904E-003
   22.7000008      -5.5839261273553185E-003
   22.7999992      -5.4782557206967388E-003
   22.8999996      -5.3747847454910791E-003
   23.0000000      -5.2734627770857087E-003
   23.1000004      -5.1742406643122078E-003
   23.2000008      -5.0770704940980103E-003
   23.2999992      -4.9819055571576950E-003
   23.3999996      -4.8887003147278681E-003
   23.5000000      -4.7974103663108994E-003
   23.6000004      -4.7079924183940436E-003
   23.7000008      -4.6204042541116508E-003
   23.7999992      -4.5346047038193980E-003
   23.8999996      -4.4505536165505332E-003
   24.0000000      -4.3682118323252195E-003
   24.1000004      -4.2875411552851178E-003
   24.2000008      -4.2085043276263090E-003
   24.2999992      -4.1310650043046180E-003
   24.3999996      -4.0551877284883565E-003
   24.5000000      -3.9808379077343045E-003
   24.6000004      -3.9079817908637023E-003
   24.7000008      -3.8365864455157388E-003
   24.7999992      -3.7666197363568801E-003
   24.8999996      -3.6980503039251125E-003
   25.0000000      -3.6308475440888902E-003
   25.1000004      -3.5649815881012847E-003
   25.2000008      -3.5004232832305270E-003
   25.2999992      -3.4371441739487500E-003
   25.3999996      -3.3751164836613714E-003
   25.5000000      -3.3143130969601814E-003
   25.6000004      -3.2547075423837377E-003
   25.7000008      -3.1962739756692632E-003
   25.7999992      -3.1389871634807595E-003
   25.8999996      -3.0828224675985660E-003
   26.0000000      -3.0277558295561009E-003
   26.1000004      -2.9737637557099932E-003
   26.2000008      -2.9208233027302813E-003
   26.2999992      -2.8689120634977938E-003
   26.3999996      -2.8180081533962613E-003
   26.5000000      -2.7680901969871206E-003
   26.6000004      -2.7191373150553767E-003
   26.7000008      -2.6711291120152551E-003
   26.7999992      -2.6240456636647787E-003
   26.8999996      -2.5778675052787214E-003
   27.0000000      -2.5325756200297780E-003
   27.1000004      -2.4881514277280826E-003
   27.2000008      -2.4445767738695604E-003
   27.2999992      -2.4018339189838863E-003
   27.3999996      -2.3599055282731343E-003
   27.5000000      -2.3187746615324859E-003
   27.6000004      -2.2784247633446399E-003
   27.7000008      -2.2388396535398423E-003
   27.7999992      -2.2000035179137074E-003
   27.8999996      -2.1619008991952586E-003
   28.0000000      -2.1245166882578473E-003
   28.1000004      -2.0878361155658525E-003
   28.2000008      -2.0518447428502875E-003
   28.2999992      -2.0165284550066509E-003
   28.3999996      -1.9818734522085695E-003
   28.5000000      -1.9478662422309967E-003
   28.6000004      -1.9144936329769111E-003
   28.7000008      -1.8817427252016507E-003
   28.7999992      -1.8496009054292130E-003
   28.8999996      -1.8180558390550117E-003
   29.0000000      -1.7870954636297672E-003
   29.1000004      -1.7567079823193605E-003
   29.2000008      -1.7268818575356449E-003
   29.2999992      -1.6976058047333674E-003
   29.3999996      -1.6688687863684951E-003
   29.5000000      -1.6406600060133872E-003
   29.6000004      -1.6129689026243960E-003
   29.7000008      -1.5857851449576127E-003
   29.7999992      -1.5590986261286013E-003
   29.8999996      -1.5328994583120974E-003
   30.0000000      -1.5071779675777614E-003
   30.1000004      -1.4819246888582006E-003
   30.2000008      -1.4571303610455893E-003
   30.2999992      -1.4327859222133161E-003
   30.3999996      -1.4088825049592090E-003
   30.5000000      -1.3854114318669819E-003
   30.6000004      -1.3623642110826492E-003
   30.7000008      -1.3397325320027530E-003
   30.7999992      -1.3175082610713403E-003
   30.8999996      -1.2956834376827173E-003
   31.0000000      -1.2742502701870969E-003
   31.1000004      -1.2532011319963410E-003
   31.2000008      -1.2325285577870807E-003
   31.2999992      -1.2122252397985759E-003
   31.3999996      -1.1922840242227554E-003
   31.5000000      -1.1726979076839522E-003
   31.6000004      -1.1534600338059219E-003
   31.7000008      -1.1345636898637986E-003
   31.7999992      -1.1160023035187182E-003
   31.8999996      -1.0977694396328945E-003
   32.0000000      -1.0798587971630074E-003
   32.0999985      -1.0622642061298192E-003
   32.2000008      -1.0449796246619905E-003
   32.2999992      -1.0279991361121384E-003
   32.4000015      -1.0113169462432191E-003
   32.5000000      -9.9492738048338682E-004
   32.5999985      -9.7882488124752124E-004
   32.7000008      -9.6300400532367753E-004
   32.7999992      -9.4745942132275413E-004
   32.9000015      -9.3218590718972588E-004
   33.0000000      -9.1717834777483773E-004
   33.0999985      -9.0243173246319446E-004
   33.2000008      -8.8794115286123284E-004
   33.2999992      -8.7370180053859706E-004
   33.4000015      -8.5970896482398735E-004
   33.5000000      -8.4595803065358509E-004
   33.5999985      -8.3244447647070306E-004
   33.7000008      -8.1916387217533903E-004
   33.7999992      -8.0611187712235736E-004
   33.9000015      -7.9328423816704653E-004
   34.0000000      -7.8067678775684988E-004
   34.0999985      -7.6828544206808435E-004
   34.2000008      -7.5610619918650669E-004
   34.2999992      -7.4413513733061220E-004
   34.4000015      -7.3236841311658191E-004
   34.5000000      -7.2080225986382489E-004
   34.5999985      -7.0943298594009180E-004
   34.7000008      -6.9825697314516045E-004
   34.7999992      -6.8727067513212547E-004
   34.9000015      -6.7647061586534698E-004
   35.0000000      -6.6585338811413989E-004
   35.0999985      -6.5541565198131118E-004
   35.2000008      -6.4515413346567568E-004
   35.2999992      -6.3506562305770317E-004
   35.4000015      -6.2514697436747346E-004
   35.5000000      -6.1539510278414082E-004
   35.5999985      -6.0580698416612335E-004
   35.7000008      -5.9637965356126139E-004
   35.7999992      -5.8711020395620507E-004
   35.9000015      -5.7799578505431017E-004
   36.0000000      -5.6903360208134445E-004
   36.0999985      -5.6022091461832059E-004
   36.2000008      -5.5155503546079328E-004
   36.2999992      -5.4303332950397104E-004
   36.4000015      -5.3465321265301928E-004
   36.5000000      -5.2641215075793486E-004
   36.5999985      -5.1830765857239960E-004
   36.7000008      -5.1033729873603052E-004
   36.7999992      -5.0249868077946057E-004
   36.9000015      -4.9478946015169727E-004
   37.0000000      -4.8720733726922435E-004
   37.0999985      -4.7975005658632149E-004
   37.2000008      -4.7241540568609340E-004
   37.2999992      -4.6520121439171065E-004
   37.4000015      -4.5810535389738041E-004
   37.5000000      -4.5112573591857475E-004
   37.5999985      -4.4426031186105546E-004
   37.7000008      -4.3750707200825294E-004
   37.7999992      -4.3086404472655762E-004
   37.9000015      -4.2432929568810251E-004
   38.0000000      -4.1790092711062202E-004
   38.0999985      -4.1157707701398367E-004
   38.2000008      -4.0535591849299768E-004
   38.2999992      -3.9923565900612556E-004
   38.4000015      -3.9321453967970828E-004
   38.5000000      -3.8729083462735447E-004
   38.5999985      -3.8146285028413135E-004
   38.7000008      -3.7572892475521357E-004
   38.7999992      -3.7008742717865064E-004
   38.9000015      -3.6453675710192677E-004
   39.0000000      -3.5907534387198968E-004
   39.0999985      -3.5370164603843742E-004
   39.2000008      -3.4841415076955815E-004
   39.2999992      -3.4321137328092359E-004
   39.4000015      -3.3809185627624961E-004
   39.5000000      -3.3305416940023792E-004
   39.5999985      -3.2809690870312490E-004
   39.7000008      -3.2321869611666790E-004
   39.7999992      -3.1841817894130714E-004
   39.9000015      -3.1369402934424670E-004
   40.0000000      -3.0904494386820535E-004
   40.0999985      -3.0446964295059389E-004
   40.2000008      -2.9996687045288087E-004
   40.2999992      -2.9553539319991586E-004
   40.4000015      -2.9117400052898295E-004
   40.5000000      -2.8688150384836505E-004
   40.5999985      -2.8265673620520352E-004
   40.7000008      -2.7849855186244188E-004
   40.7999992      -2.7440582588465095E-004
   40.9000015      -2.7037745373253367E-004
   41.0000000      -2.6641235086591423E-004
   41.0999985      -2.6250945235502330E-004
   41.2000008      -2.5866771249989092E-004
   41.2999992      -2.5488610445766692E-004
   41.4000015      -2.5116361987769198E-004
   41.5000000      -2.4749926854414567E-004
   41.5999985      -2.4389207802610392E-004
   41.7000008      -2.4034109333483970E-004
   41.7999992      -2.3684537658820792E-004
   41.9000015      -2.3340400668195633E-004
   42.0000000      -2.3001607896780928E-004
   42.0999985      -2.2668070493817594E-004
   42.2000008      -2.2339701191733549E-004
   42.2999992      -2.2016414275895715E-004
   42.4000015      -2.1698125554981659E-004
   42.5000000      -2.1384752331957135E-004
   42.5999985      -2.1076213375646407E-004
   42.7000008      -2.0772428892882204E-004
   42.7999992      -2.0473320501222854E-004
   42.9000015      -2.0178811202224041E-004
   43.0000000      -1.9888825355253233E-004
   43.0999985      -1.9603288651834916E-004
   43.2000008      -1.9322128090515164E-004
   43.2999992      -1.9045271952234212E-004
   43.4000015      -1.8772649776196154E-004
   43.5000000      -1.8504192336224912E-004
   43.5999985      -1.8239831617596029E-004
   43.7000008      -1.7979500794334093E-004
   43.7999992      -1.7723134206965664E-004
   43.9000015      -1.7470667340718042E-004
   44.0000000      -1.7222036804154177E-004
   44.0999985      -1.6977180308234578E-004
   44.2000008      -1.6736036645796868E-004
   44.2999992      -1.6498545671444256E-004
   44.4000015      -1.6264648281834101E-004
   44.5000000      -1.6034286396358113E-004
   44.5999985      -1.5807402938205808E-004
   44.7000008      -1.5583941815803165E-004
   44.7999992      -1.5363847904618455E-004
   44.9000015      -1.5147067029327554E-004
   45.0000000      -1.4933545946331058E-004
   45.0999985      -1.4723232326615857E-004
   45.2000008      -1.4516074738953866E-004
   45.2999992      -1.4312022633430863E-004
   45.4000015      -1.4111026325298434E-004
   45.5000000      -1.3913036979142340E-004
   45.5999985      -1.3718006593360597E-004
   45.7000008      -1.3525887984944842E-004
   45.7999992      -1.3336634774558647E-004
   45.9000015      -1.3150201371906579E-004
   46.0000000      -1.2966542961387933E-004
   46.0999985      -1.2785615488029292E-004
   46.2000008      -1.2607375643690035E-004
   46.2999992      -1.2431780853535199E-004
   46.4000015      -1.2258789262770123E-004
   46.5000000      -1.2088359723631509E-004
   46.5999985      -1.1920451782629544E-004
   46.7000008      -1.1755025668035966E-004
   46.7999992      -1.1592042277612977E-004
   46.9000015      -1.1431463166578061E-004
   47.0000000      -1.1273250535799872E-004
   47.0999985      -1.1117367220220464E-004
   47.2000008      -1.0963776677499183E-004
   47.2999992      -1.0812442976873755E-004
   47.4000015      -1.0663330788234110E-004
   47.5000000      -1.0516405371404563E-004
   47.5999985      -1.0371632565630204E-004
   47.7000008      -1.0228978779263243E-004
   47.7999992      -1.0088410979645352E-004
   47.9000015      -9.9498966831819115E-005
   48.0000000      -9.8134039456044273E-005
   48.0999985      -9.6789013524171540E-005
   48.2000008      -9.5463580095243451E-005
   48.2999992      -9.4157435340343879E-005
   48.4000015      -9.2870280452373100E-005
   48.5000000      -9.1601821557521807E-005
   48.5999985      -9.0351769628409467E-005
   48.7000008      -8.9119840398854279E-005
   48.7999992      -8.7905754280241503E-005
   48.9000015      -8.6709236279458550E-005
   49.0000000      -8.5530015918365424E-005
   49.0999985      -8.4367827154769782E-005
   49.2000008      -8.3222408304876980E-005
   49.2999992      -8.2093501967185281E-005
   49.4000015      -8.0980854947797969E-005
   49.5000000      -7.9884218187123990E-005
   49.5999985      -7.8803346687939625E-005
   49.7000008      -7.7737999444784533E-005
   49.7999992      -7.6687939374665286E-005
   49.9000015      -7.5652933249041116E-005
   50.0000000      -7.4632751627066318E-005
   50.0999985      -7.3627168790064599E-005
   50.2000008      -7.2635962677211152E-005
   50.2999992      -7.1658914822398930E-005
   50.4000015      -7.0695810292265604E-005
   50.5000000      -6.9746437625358606E-005
   50.5999985      -6.8810588772416170E-005
   50.7000008      -6.7888059037742263E-005
   50.7999992      -6.6978647021654266E-005
   50.9000015      -6.6082154563982512E-005
   51.0000000      -6.5198386688601083E-005
   51.0999985      -6.4327151548969862E-005
   51.2000008      -6.3468260374668532E-005
   51.2999992      -6.2621527418902587E-005
   51.4000015      -6.1786769906963318E-005
   51.5000000      -6.0963807985622872E-005
   51.5999985      -6.0152464673446323E-005
   51.7000008      -5.9352565812003333E-005
   51.7999992      -5.8563940017961889E-005
   51.9000015      -5.7786418636047051E-005
   52.0000000      -5.7019835692848436E-005
   52.0999985      -5.6264027851459727E-005
   52.2000008      -5.5518834366934572E-005
   52.2999992      -5.4784097042543119E-005
   52.4000015      -5.4059660186813913E-005
   52.5000000      -5.3345370571346068E-005
   52.5999985      -5.2641077389377255E-005
   52.7000008      -5.1946632215092710E-005
   52.7999992      -5.1261888963661644E-005
   52.9000015      -5.0586703851986914E-005
   53.0000000      -4.9920935360154304E-005
   53.0999985      -4.9264444193568715E-005
   53.2000008      -4.8617093245763560E-005
   53.2999992      -4.7978747561871137E-005
   53.4000015      -4.7349274302741257E-005
   53.5000000      -4.6728542709695967E-005
   53.5999985      -4.6116424069908424E-005
   53.7000008      -4.5512791682394040E-005
   53.7999992      -4.4917520824602532E-005
   53.9000015      -4.4330488719599563E-005
   54.0000000      -4.3751574503826797E-005
   54.0999985      -4.3180659195429752E-005
   54.2000008      -4.2617625663142581E-005
   54.2999992      -4.2062358595719584E-005
   54.4000015      -4.1514744471903181E-005
   54.5000000      -4.0974671530918171E-005
   54.5999985      -4.0442029743482867E-005
   54.7000008      -3.9916710783327028E-005
   54.7999992      -3.9398607999207578E-005
   54.9000015      -3.8887616387412583E-005
 &
