# 361 angles,  1 tensor ranks for 0=projectile
@subtitle   "25Al(d,n)26Si"                                                                 
@legend ON
@legend x1 0.2
@legend y1 0.8
@g0 type LOGY
@yaxis ticklabel format power
@legend string   0 "Lab energy =   98.9000"
#legend string   0 "Partition=  2 Excit=  5 near/far= 1"
#  Theta       sigma       iT11        T20         T21         T22         Kyy for projectile
   0.000       6.157    
  0.5000       6.156    
   1.000       6.154    
   1.500       6.149    
   2.000       6.143    
   2.500       6.135    
   3.000       6.124    
   3.500       6.112    
   4.000       6.098    
   4.500       6.082    
   5.000       6.064    
   5.500       6.044    
   6.000       6.022    
   6.500       5.997    
   7.000       5.970    
   7.500       5.941    
   8.000       5.909    
   8.500       5.875    
   9.000       5.838    
   9.500       5.799    
   10.00       5.757    
   10.50       5.712    
   11.00       5.665    
   11.50       5.615    
   12.00       5.562    
   12.50       5.506    
   13.00       5.448    
   13.50       5.387    
   14.00       5.323    
   14.50       5.257    
   15.00       5.188    
   15.50       5.116    
   16.00       5.042    
   16.50       4.965    
   17.00       4.886    
   17.50       4.805    
   18.00       4.722    
   18.50       4.637    
   19.00       4.550    
   19.50       4.461    
   20.00       4.371    
   20.50       4.279    
   21.00       4.186    
   21.50       4.091    
   22.00       3.996    
   22.50       3.900    
   23.00       3.804    
   23.50       3.707    
   24.00       3.609    
   24.50       3.512    
   25.00       3.415    
   25.50       3.318    
   26.00       3.222    
   26.50       3.126    
   27.00       3.031    
   27.50       2.937    
   28.00       2.844    
   28.50       2.753    
   29.00       2.663    
   29.50       2.574    
   30.00       2.487    
   30.50       2.402    
   31.00       2.319    
   31.50       2.238    
   32.00       2.159    
   32.50       2.083    
   33.00       2.008    
   33.50       1.937    
   34.00       1.867    
   34.50       1.800    
   35.00       1.736    
   35.50       1.674    
   36.00       1.615    
   36.50       1.558    
   37.00       1.504    
   37.50       1.453    
   38.00       1.404    
   38.50       1.358    
   39.00       1.315    
   39.50       1.274    
   40.00       1.235    
   40.50       1.200    
   41.00       1.166    
   41.50       1.135    
   42.00       1.106    
   42.50       1.080    
   43.00       1.056    
   43.50       1.033    
   44.00       1.013    
   44.50      0.9951    
   45.00      0.9789    
   45.50      0.9644    
   46.00      0.9517    
   46.50      0.9406    
   47.00      0.9311    
   47.50      0.9230    
   48.00      0.9163    
   48.50      0.9109    
   49.00      0.9067    
   49.50      0.9036    
   50.00      0.9015    
   50.50      0.9004    
   51.00      0.9001    
   51.50      0.9006    
   52.00      0.9018    
   52.50      0.9036    
   53.00      0.9060    
   53.50      0.9088    
   54.00      0.9120    
   54.50      0.9155    
   55.00      0.9193    
   55.50      0.9234    
   56.00      0.9275    
   56.50      0.9317    
   57.00      0.9360    
   57.50      0.9402    
   58.00      0.9444    
   58.50      0.9484    
   59.00      0.9523    
   59.50      0.9560    
   60.00      0.9595    
   60.50      0.9627    
   61.00      0.9656    
   61.50      0.9682    
   62.00      0.9704    
   62.50      0.9723    
   63.00      0.9738    
   63.50      0.9749    
   64.00      0.9755    
   64.50      0.9757    
   65.00      0.9755    
   65.50      0.9749    
   66.00      0.9738    
   66.50      0.9722    
   67.00      0.9702    
   67.50      0.9678    
   68.00      0.9648    
   68.50      0.9615    
   69.00      0.9577    
   69.50      0.9534    
   70.00      0.9488    
   70.50      0.9437    
   71.00      0.9382    
   71.50      0.9323    
   72.00      0.9260    
   72.50      0.9194    
   73.00      0.9124    
   73.50      0.9050    
   74.00      0.8974    
   74.50      0.8894    
   75.00      0.8811    
   75.50      0.8726    
   76.00      0.8637    
   76.50      0.8546    
   77.00      0.8453    
   77.50      0.8358    
   78.00      0.8261    
   78.50      0.8162    
   79.00      0.8061    
   79.50      0.7958    
   80.00      0.7855    
   80.50      0.7750    
   81.00      0.7644    
   81.50      0.7537    
   82.00      0.7429    
   82.50      0.7320    
   83.00      0.7211    
   83.50      0.7102    
   84.00      0.6992    
   84.50      0.6882    
   85.00      0.6772    
   85.50      0.6663    
   86.00      0.6553    
   86.50      0.6444    
   87.00      0.6335    
   87.50      0.6227    
   88.00      0.6119    
   88.50      0.6012    
   89.00      0.5905    
   89.50      0.5800    
   90.00      0.5695    
   90.50      0.5591    
   91.00      0.5488    
   91.50      0.5386    
   92.00      0.5286    
   92.50      0.5186    
   93.00      0.5088    
   93.50      0.4991    
   94.00      0.4895    
   94.50      0.4801    
   95.00      0.4708    
   95.50      0.4616    
   96.00      0.4526    
   96.50      0.4437    
   97.00      0.4350    
   97.50      0.4264    
   98.00      0.4180    
   98.50      0.4097    
   99.00      0.4015    
   99.50      0.3935    
   100.0      0.3857    
   100.5      0.3780    
   101.0      0.3704    
   101.5      0.3630    
   102.0      0.3558    
   102.5      0.3487    
   103.0      0.3418    
   103.5      0.3350    
   104.0      0.3284    
   104.5      0.3219    
   105.0      0.3156    
   105.5      0.3094    
   106.0      0.3034    
   106.5      0.2975    
   107.0      0.2918    
   107.5      0.2862    
   108.0      0.2808    
   108.5      0.2755    
   109.0      0.2704    
   109.5      0.2654    
   110.0      0.2606    
   110.5      0.2559    
   111.0      0.2514    
   111.5      0.2470    
   112.0      0.2428    
   112.5      0.2387    
   113.0      0.2348    
   113.5      0.2310    
   114.0      0.2274    
   114.5      0.2239    
   115.0      0.2206    
   115.5      0.2174    
   116.0      0.2144    
   116.5      0.2115    
   117.0      0.2087    
   117.5      0.2061    
   118.0      0.2037    
   118.5      0.2014    
   119.0      0.1992    
   119.5      0.1972    
   120.0      0.1954    
   120.5      0.1937    
   121.0      0.1922    
   121.5      0.1908    
   122.0      0.1895    
   122.5      0.1884    
   123.0      0.1875    
   123.5      0.1867    
   124.0      0.1860    
   124.5      0.1855    
   125.0      0.1852    
   125.5      0.1850    
   126.0      0.1849    
   126.5      0.1850    
   127.0      0.1853    
   127.5      0.1857    
   128.0      0.1862    
   128.5      0.1869    
   129.0      0.1878    
   129.5      0.1888    
   130.0      0.1899    
   130.5      0.1912    
   131.0      0.1927    
   131.5      0.1943    
   132.0      0.1960    
   132.5      0.1978    
   133.0      0.1999    
   133.5      0.2020    
   134.0      0.2043    
   134.5      0.2067    
   135.0      0.2093    
   135.5      0.2120    
   136.0      0.2148    
   136.5      0.2177    
   137.0      0.2208    
   137.5      0.2240    
   138.0      0.2274    
   138.5      0.2308    
   139.0      0.2344    
   139.5      0.2381    
   140.0      0.2418    
   140.5      0.2458    
   141.0      0.2498    
   141.5      0.2539    
   142.0      0.2581    
   142.5      0.2624    
   143.0      0.2668    
   143.5      0.2713    
   144.0      0.2759    
   144.5      0.2806    
   145.0      0.2853    
   145.5      0.2901    
   146.0      0.2950    
   146.5      0.3000    
   147.0      0.3050    
   147.5      0.3101    
   148.0      0.3152    
   148.5      0.3204    
   149.0      0.3256    
   149.5      0.3309    
   150.0      0.3362    
   150.5      0.3416    
   151.0      0.3469    
   151.5      0.3523    
   152.0      0.3578    
   152.5      0.3632    
   153.0      0.3686    
   153.5      0.3741    
   154.0      0.3795    
   154.5      0.3850    
   155.0      0.3904    
   155.5      0.3958    
   156.0      0.4012    
   156.5      0.4066    
   157.0      0.4120    
   157.5      0.4173    
   158.0      0.4226    
   158.5      0.4278    
   159.0      0.4330    
   159.5      0.4382    
   160.0      0.4433    
   160.5      0.4483    
   161.0      0.4532    
   161.5      0.4581    
   162.0      0.4630    
   162.5      0.4677    
   163.0      0.4724    
   163.5      0.4769    
   164.0      0.4814    
   164.5      0.4858    
   165.0      0.4901    
   165.5      0.4943    
   166.0      0.4984    
   166.5      0.5024    
   167.0      0.5062    
   167.5      0.5100    
   168.0      0.5136    
   168.5      0.5171    
   169.0      0.5205    
   169.5      0.5238    
   170.0      0.5269    
   170.5      0.5299    
   171.0      0.5327    
   171.5      0.5354    
   172.0      0.5380    
   172.5      0.5404    
   173.0      0.5427    
   173.5      0.5449    
   174.0      0.5468    
   174.5      0.5487    
   175.0      0.5503    
   175.5      0.5519    
   176.0      0.5532    
   176.5      0.5544    
   177.0      0.5555    
   177.5      0.5564    
   178.0      0.5571    
   178.5      0.5577    
   179.0      0.5581    
   179.5      0.5583    
   180.0      0.5584    
 END
