   54.900   0.878971       0.256987E-05   0.292372E-05  -0.232107       0   0.292372E-05
   54.900   0.231280E-01   0.847887E-07   0.366607E-05  -0.236063       0   0.292372E-05
   54.900    8.22494       0.250191E-12   0.304186E-13  -0.522521       0   0.281682E-13
   54.900   -21.9604      -0.505125E-10   0.230017E-11  -0.432810       0   0.240588E-11
   54.900    5.54699       0.144740E-10   0.260934E-11  -0.435117       0   0.240588E-11
   54.900    6.18551       0.161401E-10   0.260934E-11  -0.435117       0   0.240588E-11
# For Channel #  7: l = 0, j =  0.5, c#  1;  k,eta =   0.04801   8.98641
    0.900    410584.       0.394645       0.961179E-06  -0.782348       0   0.344918E+10
    1.000    462916.       0.412202       0.890447E-06  -0.749736       0   0.133179E+10
    1.100    510777.       0.422640       0.827445E-06  -0.721215       0   0.562831E+09
    1.200    552281.       0.425794       0.770973E-06  -0.695977       0   0.256277E+09
    1.300    585534.       0.421629       0.720076E-06  -0.673426       0   0.124233E+09
    1.400    608678.       0.410240       0.673985E-06  -0.653108       0   0.635227E+08
    1.500    619942.       0.391848       0.632072E-06  -0.634671       0   0.340081E+08
    1.600    617696.       0.366797       0.593815E-06  -0.617836       0   0.189504E+08
    1.700    600499.       0.335547       0.558780E-06  -0.602381       0   0.109378E+08
    1.800    567151.       0.298660       0.526597E-06  -0.588125       0   0.651286E+07
    1.900    516736.       0.256793       0.496953E-06  -0.574917       0   0.398728E+07
    2.000    448662.       0.210683       0.469580E-06  -0.562635       0   0.250269E+07
    2.100    362694.       0.161125       0.444246E-06  -0.551174       0   0.160659E+07
    2.200    258975.       0.108963       0.420748E-06  -0.540445       0   0.105260E+07
    2.300    138033.       0.550632E-01   0.398912E-06  -0.530373       0    702580.    
    2.400    787.065       0.297968E-03   0.378582E-06  -0.520894       0    476993.    
    2.500   -151477.      -0.544747E-01   0.359623E-06  -0.511951       0    328934.    
    2.600   -317132.      -0.108432       0.341913E-06  -0.503496       0    230121.    
    2.700   -494251.      -0.160803       0.325347E-06  -0.495485       0    163147.    
    2.800   -680806.      -0.210890       0.309766E-06  -0.485681       0    117101.    
    2.900   -874225.      -0.258079       0.295208E-06  -0.478371       0    85020.4    
    3.000  -0.107216E+07  -0.301852       0.281537E-06  -0.471403       0    62392.0    
    3.100  -0.127214E+07  -0.341799       0.268681E-06  -0.464752       0    46246.0    
    3.200  -0.147174E+07  -0.377620       0.256580E-06  -0.458394       0    34600.5    
    3.300  -0.166868E+07  -0.409124       0.245178E-06  -0.452308       0    26115.8    
    3.400  -0.186087E+07  -0.436228       0.234422E-06  -0.446475       0    19875.1    
    3.500  -0.204667E+07  -0.458949       0.224241E-06  -0.440418       0    15243.8    
    3.600  -0.222411E+07  -0.477392       0.214644E-06  -0.435027       0    11777.8    
    3.700  -0.239213E+07  -0.491741       0.205566E-06  -0.429842       0    9163.23    
    3.800  -0.254979E+07  -0.502237       0.196972E-06  -0.424849       0    7176.03    
    3.900  -0.269645E+07  -0.509173       0.188830E-06  -0.420038       0    5654.88    
    4.000  -0.283181E+07  -0.512872       0.181111E-06  -0.415397       0    4482.60    
    4.100  -0.295580E+07  -0.513677       0.173786E-06  -0.410916       0    3573.35    
    4.200  -0.306879E+07  -0.511938       0.166821E-06  -0.406433       0    2863.81    
    4.300  -0.317077E+07  -0.507996       0.160212E-06  -0.402242       0    2306.88    
    4.400  -0.326241E+07  -0.502181       0.153930E-06  -0.398187       0    1867.32    
    4.500  -0.334434E+07  -0.494802       0.147952E-06  -0.394259       0    1518.54    
    4.600  -0.341724E+07  -0.486143       0.142262E-06  -0.390452       0    1240.41    
    4.700  -0.348182E+07  -0.476459       0.136842E-06  -0.386760       0    1017.53    
    4.800  -0.353882E+07  -0.465978       0.131676E-06  -0.383178       0    838.099    
    4.900  -0.358910E+07  -0.454900       0.126745E-06  -0.379634       0    693.009    
    5.000  -0.363307E+07  -0.443399       0.122045E-06  -0.376253       0    575.185    
    5.100  -0.367152E+07  -0.431620       0.117559E-06  -0.372966       0    479.113    
    5.200  -0.370507E+07  -0.419689       0.113274E-06  -0.369770       0    400.469    
    5.300  -0.373428E+07  -0.407709       0.109180E-06  -0.366659       0    335.849    
    5.400  -0.375966E+07  -0.395767       0.105267E-06  -0.363630       0    282.559    
    5.500  -0.378170E+07  -0.383931       0.101524E-06  -0.360680       0    238.458    
    5.600  -0.380091E+07  -0.372258       0.979392E-07  -0.357772       0    201.839    
    5.700  -0.381744E+07  -0.360790       0.945110E-07  -0.354968       0    171.334    
    5.800  -0.383174E+07  -0.349562       0.912280E-07  -0.352233       0    145.842    
    5.900  -0.384409E+07  -0.338598       0.880829E-07  -0.349564       0    124.475    
    6.000  -0.385475E+07  -0.327918       0.850687E-07  -0.346959       0    106.513    
    6.100  -0.386394E+07  -0.317534       0.821787E-07  -0.344415       0    91.3712    
    6.200  -0.387186E+07  -0.307453       0.794069E-07  -0.341929       0    78.5712    
    6.300  -0.387877E+07  -0.297680       0.767459E-07  -0.339482       0    67.7226    
    6.400  -0.388466E+07  -0.288216       0.741933E-07  -0.337107       0    58.5041    
    6.500  -0.388972E+07  -0.279058       0.717425E-07  -0.334784       0    50.6516    
    6.600  -0.389408E+07  -0.270205       0.693887E-07  -0.332512       0    43.9464    
    6.700  -0.389782E+07  -0.261650       0.671271E-07  -0.330288       0    38.2075    
    6.800  -0.390105E+07  -0.253387       0.649536E-07  -0.328110       0    33.2847    
    6.900  -0.390382E+07  -0.245409       0.628639E-07  -0.325978       0    29.0525    
    7.000  -0.390626E+07  -0.237709       0.608534E-07  -0.323880       0    25.4064    
    7.100  -0.390831E+07  -0.230279       0.589203E-07  -0.321833       0    22.2587    
    7.200  -0.391007E+07  -0.223109       0.570601E-07  -0.319828       0    19.5358    
    7.300  -0.391158E+07  -0.216192       0.552696E-07  -0.317862       0    17.1757    
    7.400  -0.391288E+07  -0.209518       0.535458E-07  -0.315934       0    15.1262    
    7.500  -0.391399E+07  -0.203080       0.518856E-07  -0.314043       0    13.3431    
    7.600  -0.391495E+07  -0.196869       0.502863E-07  -0.312187       0    11.7891    
    7.700  -0.391582E+07  -0.190876       0.487447E-07  -0.310360       0    10.4322    
    7.800  -0.391653E+07  -0.185093       0.472594E-07  -0.308573       0    9.24558    
    7.900  -0.391713E+07  -0.179513       0.458275E-07  -0.306818       0    8.20601    
    8.000  -0.391765E+07  -0.174127       0.444467E-07  -0.305095       0    7.29383    
    8.100  -0.391810E+07  -0.168929       0.431149E-07  -0.303403       0    6.49215    
    8.200  -0.391848E+07  -0.163910       0.418300E-07  -0.301740       0    5.78651    
    8.300  -0.391881E+07  -0.159065       0.405901E-07  -0.300106       0    5.16446    
    8.400  -0.391913E+07  -0.154386       0.393929E-07  -0.298496       0    4.61530    
    8.500  -0.391937E+07  -0.149867       0.382375E-07  -0.296917       0    4.12980    
    8.600  -0.391958E+07  -0.145502       0.371218E-07  -0.295364       0    3.69996    
    8.700  -0.391976E+07  -0.141285       0.360443E-07  -0.293838       0    3.31889    
    8.800  -0.391991E+07  -0.137210       0.350032E-07  -0.292336       0    2.98061    
    8.900  -0.392004E+07  -0.133271       0.339974E-07  -0.290859       0    2.67991    
    9.000  -0.392015E+07  -0.129464       0.330252E-07  -0.289405       0    2.41229    
    9.100  -0.392028E+07  -0.125783       0.320852E-07  -0.287972       0    2.17380    
    9.200  -0.392036E+07  -0.122224       0.311767E-07  -0.286564       0    1.96102    
    9.300  -0.392043E+07  -0.118782       0.302981E-07  -0.285177       0    1.77094    
    9.400  -0.392049E+07  -0.115452       0.294483E-07  -0.283812       0    1.60095    
    9.500  -0.392054E+07  -0.112230       0.286263E-07  -0.282468       0    1.44875    
    9.600  -0.392058E+07  -0.109113       0.278309E-07  -0.281144       0    1.31233    
    9.700  -0.392062E+07  -0.106096       0.270611E-07  -0.279840       0    1.18991    
    9.800  -0.392068E+07  -0.103176       0.263159E-07  -0.278553       0    1.07994    
    9.900  -0.392071E+07  -0.100349       0.255946E-07  -0.277286       0   0.981056    
   10.000  -0.392073E+07  -0.976115E-01   0.248963E-07  -0.276039       0   0.892042    
   10.100  -0.392075E+07  -0.949603E-01   0.242199E-07  -0.274808       0   0.811833    
   10.200  -0.392076E+07  -0.923923E-01   0.235649E-07  -0.273596       0   0.739487    
   10.300  -0.392078E+07  -0.899046E-01   0.229303E-07  -0.272400       0   0.674171    
   10.400  -0.392079E+07  -0.874941E-01   0.223154E-07  -0.271221       0   0.615144    
   10.500  -0.392082E+07  -0.851583E-01   0.217195E-07  -0.270057       0   0.561753    
   10.600  -0.392083E+07  -0.828943E-01   0.211420E-07  -0.268910       0   0.513413    
   10.700  -0.392084E+07  -0.806997E-01   0.205823E-07  -0.267779       0   0.469609    
   10.800  -0.392084E+07  -0.785720E-01   0.200396E-07  -0.266663       0   0.429879    
   10.900  -0.392085E+07  -0.765088E-01   0.195133E-07  -0.265562       0   0.393814    
   11.000  -0.392085E+07  -0.745079E-01   0.190030E-07  -0.264475       0   0.361048    
   11.100  -0.392085E+07  -0.725672E-01   0.185080E-07  -0.263403       0   0.331254    
   11.200  -0.392087E+07  -0.706846E-01   0.180278E-07  -0.262343       0   0.304140    
   11.300  -0.392088E+07  -0.688581E-01   0.175619E-07  -0.261298       0   0.279446    
   11.400  -0.392088E+07  -0.670857E-01   0.171099E-07  -0.260266       0   0.256937    
   11.500  -0.392088E+07  -0.653656E-01   0.166712E-07  -0.259248       0   0.236405    
   11.600  -0.392088E+07  -0.636960E-01   0.162453E-07  -0.258242       0   0.217661    
   11.700  -0.392088E+07  -0.620753E-01   0.158320E-07  -0.257249       0   0.200538    
   11.800  -0.392088E+07  -0.605018E-01   0.154307E-07  -0.256267       0   0.184883    
   11.900  -0.392089E+07  -0.589740E-01   0.150409E-07  -0.255297       0   0.170560    
   12.000  -0.392089E+07  -0.574902E-01   0.146625E-07  -0.254340       0   0.157446    
   12.100  -0.392089E+07  -0.560492E-01   0.142950E-07  -0.253394       0   0.145432    
   12.200  -0.392089E+07  -0.546493E-01   0.139380E-07  -0.252459       0   0.134417    
   12.300  -0.392089E+07  -0.532894E-01   0.135911E-07  -0.251536       0   0.124311    
   12.400  -0.392089E+07  -0.519681E-01   0.132542E-07  -0.250623       0   0.115033    
   12.500  -0.392091E+07  -0.506842E-01   0.129267E-07  -0.249720       0   0.106510    
   12.600  -0.392091E+07  -0.494364E-01   0.126084E-07  -0.248828       0   0.986751E-01
   12.700  -0.392090E+07  -0.482236E-01   0.122991E-07  -0.247947       0   0.914684E-01
   12.800  -0.392090E+07  -0.470447E-01   0.119984E-07  -0.247075       0   0.848352E-01
   12.900  -0.392090E+07  -0.458986E-01   0.117061E-07  -0.246214       0   0.787263E-01
   13.000  -0.392090E+07  -0.447842E-01   0.114219E-07  -0.245362       0   0.730967E-01
   13.100  -0.392090E+07  -0.437006E-01   0.111455E-07  -0.244519       0   0.679057E-01
   13.200  -0.392091E+07  -0.426468E-01   0.108768E-07  -0.243686       0   0.631165E-01
   13.300  -0.392091E+07  -0.416218E-01   0.106153E-07  -0.242861       0   0.586953E-01
   13.400  -0.392091E+07  -0.406248E-01   0.103611E-07  -0.242046       0   0.546115E-01
   13.500  -0.392091E+07  -0.396549E-01   0.101137E-07  -0.241240       0   0.508373E-01
   13.600  -0.392091E+07  -0.387113E-01   0.987305E-08  -0.240442       0   0.473472E-01
   13.700  -0.392091E+07  -0.377931E-01   0.963887E-08  -0.239653       0   0.441182E-01
   13.800  -0.392091E+07  -0.368996E-01   0.941099E-08  -0.238873       0   0.411291E-01
   13.900  -0.392092E+07  -0.360300E-01   0.918919E-08  -0.238100       0   0.383606E-01
   14.000  -0.392092E+07  -0.351837E-01   0.897333E-08  -0.237335       0   0.357951E-01
   14.100  -0.392091E+07  -0.343598E-01   0.876320E-08  -0.236578       0   0.334165E-01
   14.200  -0.392091E+07  -0.335577E-01   0.855864E-08  -0.235830       0   0.312101E-01
   14.300  -0.392091E+07  -0.327768E-01   0.835948E-08  -0.235088       0   0.291624E-01
   14.400  -0.392091E+07  -0.320164E-01   0.816555E-08  -0.234355       0   0.272609E-01
   14.500  -0.392091E+07  -0.312760E-01   0.797670E-08  -0.233628       0   0.254945E-01
   14.600  -0.392092E+07  -0.305548E-01   0.779277E-08  -0.232909       0   0.238528E-01
   14.700  -0.392092E+07  -0.298525E-01   0.761364E-08  -0.232197       0   0.223262E-01
   14.800  -0.392092E+07  -0.291683E-01   0.743916E-08  -0.231492       0   0.209060E-01
   14.900  -0.392092E+07  -0.285019E-01   0.726918E-08  -0.230795       0   0.195841E-01
   15.000  -0.392092E+07  -0.278526E-01   0.710358E-08  -0.230103       0   0.183533E-01
   15.100  -0.392092E+07  -0.272199E-01   0.694223E-08  -0.229419       0   0.172067E-01
   15.200  -0.392092E+07  -0.266035E-01   0.678501E-08  -0.228741       0   0.161381E-01
   15.300  -0.392092E+07  -0.260027E-01   0.663178E-08  -0.228070       0   0.151417E-01
   15.400  -0.392092E+07  -0.254172E-01   0.648246E-08  -0.227405       0   0.142123E-01
   15.500  -0.392092E+07  -0.248466E-01   0.633692E-08  -0.226746       0   0.133450E-01
   15.600  -0.392092E+07  -0.242903E-01   0.619506E-08  -0.226094       0   0.125353E-01
   15.700  -0.392092E+07  -0.237481E-01   0.605676E-08  -0.225447       0   0.117791E-01
   15.800  -0.392092E+07  -0.232194E-01   0.592193E-08  -0.224807       0   0.110726E-01
   15.900  -0.392092E+07  -0.227040E-01   0.579047E-08  -0.224172       0   0.104122E-01
   16.000  -0.392093E+07  -0.222014E-01   0.566228E-08  -0.223543       0   0.979462E-02
   16.100  -0.392092E+07  -0.217113E-01   0.553728E-08  -0.222921       0   0.921693E-02
   16.200  -0.392092E+07  -0.212333E-01   0.541538E-08  -0.222303       0   0.867633E-02
   16.300  -0.392092E+07  -0.207671E-01   0.529649E-08  -0.221691       0   0.817022E-02
   16.400  -0.392092E+07  -0.203124E-01   0.518052E-08  -0.221085       0   0.769625E-02
   16.500  -0.392092E+07  -0.198689E-01   0.506739E-08  -0.220484       0   0.725219E-02
   16.600  -0.392092E+07  -0.194362E-01   0.495704E-08  -0.219889       0   0.683601E-02
   16.700  -0.392093E+07  -0.190140E-01   0.484937E-08  -0.219298       0   0.644581E-02
   16.800  -0.392093E+07  -0.186021E-01   0.474432E-08  -0.218713       0   0.607985E-02
   16.900  -0.392093E+07  -0.182002E-01   0.464182E-08  -0.218133       0   0.573649E-02
   17.000  -0.392093E+07  -0.178080E-01   0.454179E-08  -0.217558       0   0.541422E-02
   17.100  -0.392093E+07  -0.174253E-01   0.444418E-08  -0.216988       0   0.511165E-02
   17.200  -0.392092E+07  -0.170517E-01   0.434891E-08  -0.216422       0   0.482747E-02
   17.300  -0.392092E+07  -0.166871E-01   0.425592E-08  -0.215862       0   0.456048E-02
   17.400  -0.392093E+07  -0.163312E-01   0.416514E-08  -0.215306       0   0.430954E-02
   17.500  -0.392093E+07  -0.159838E-01   0.407654E-08  -0.214755       0   0.407362E-02
   17.600  -0.392093E+07  -0.156446E-01   0.399003E-08  -0.214208       0   0.385175E-02
   17.700  -0.392093E+07  -0.153135E-01   0.390558E-08  -0.213666       0   0.364302E-02
   17.800  -0.392093E+07  -0.149902E-01   0.382312E-08  -0.213129       0   0.344659E-02
   17.900  -0.392093E+07  -0.146745E-01   0.374260E-08  -0.212596       0   0.326167E-02
   18.000  -0.392093E+07  -0.143662E-01   0.366397E-08  -0.212067       0   0.308754E-02
   18.100  -0.392093E+07  -0.140651E-01   0.358718E-08  -0.211543       0   0.292352E-02
   18.200  -0.392093E+07  -0.137710E-01   0.351219E-08  -0.211022       0   0.276897E-02
   18.300  -0.392093E+07  -0.134838E-01   0.343894E-08  -0.210506       0   0.262330E-02
   18.400  -0.392093E+07  -0.132033E-01   0.336739E-08  -0.209995       0   0.248597E-02
   18.500  -0.392093E+07  -0.129293E-01   0.329750E-08  -0.209487       0   0.235644E-02
   18.600  -0.392093E+07  -0.126615E-01   0.322922E-08  -0.208983       0   0.223426E-02
   18.700  -0.392093E+07  -0.124000E-01   0.316251E-08  -0.208483       0   0.211896E-02
   18.800  -0.392093E+07  -0.121445E-01   0.309734E-08  -0.207987       0   0.201012E-02
   18.900  -0.392093E+07  -0.118948E-01   0.303366E-08  -0.207495       0   0.190736E-02
   19.000  -0.392093E+07  -0.116508E-01   0.297143E-08  -0.207007       0   0.181031E-02
   19.100  -0.392093E+07  -0.114124E-01   0.291062E-08  -0.206523       0   0.171863E-02
   19.200  -0.392093E+07  -0.111794E-01   0.285120E-08  -0.206042       0   0.163199E-02
   19.300  -0.392093E+07  -0.109516E-01   0.279312E-08  -0.205565       0   0.155009E-02
   19.400  -0.392093E+07  -0.107291E-01   0.273636E-08  -0.205091       0   0.147266E-02
   19.500  -0.392093E+07  -0.105115E-01   0.268087E-08  -0.204622       0   0.139944E-02
   19.600  -0.392093E+07  -0.102988E-01   0.262663E-08  -0.204155       0   0.133016E-02
   19.700  -0.392093E+07  -0.100910E-01   0.257361E-08  -0.203692       0   0.126462E-02
   19.800  -0.392093E+07  -0.988771E-02   0.252178E-08  -0.203233       0   0.120258E-02
   19.900  -0.392093E+07  -0.968901E-02   0.247110E-08  -0.202777       0   0.114385E-02
   20.000  -0.392093E+07  -0.949474E-02   0.242155E-08  -0.202324       0   0.108823E-02
   20.100  -0.392093E+07  -0.930478E-02   0.237310E-08  -0.201875       0   0.103555E-02
   20.200  -0.392094E+07  -0.911902E-02   0.232573E-08  -0.201429       0   0.985636E-03
   20.300  -0.392094E+07  -0.893738E-02   0.227940E-08  -0.200986       0   0.938337E-03
   20.400  -0.392093E+07  -0.875973E-02   0.223409E-08  -0.200547       0   0.893503E-03
   20.500  -0.392093E+07  -0.858600E-02   0.218978E-08  -0.200110       0   0.850994E-03
   20.600  -0.392093E+07  -0.841607E-02   0.214645E-08  -0.199677       0   0.810682E-03
   20.700  -0.392093E+07  -0.824987E-02   0.210406E-08  -0.199247       0   0.772442E-03
   20.800  -0.392093E+07  -0.808729E-02   0.206259E-08  -0.198820       0   0.736161E-03
   20.900  -0.392094E+07  -0.792826E-02   0.202203E-08  -0.198396       0   0.701729E-03
   21.000  -0.392094E+07  -0.777268E-02   0.198235E-08  -0.197975       0   0.669046E-03
   21.100  -0.392094E+07  -0.762047E-02   0.194353E-08  -0.197557       0   0.638014E-03
   21.200  -0.392094E+07  -0.747156E-02   0.190555E-08  -0.197141       0   0.608545E-03
   21.300  -0.392094E+07  -0.732586E-02   0.186840E-08  -0.196729       0   0.580553E-03
   21.400  -0.392094E+07  -0.718329E-02   0.183204E-08  -0.196319       0   0.553959E-03
   21.500  -0.392093E+07  -0.704379E-02   0.179646E-08  -0.195913       0   0.528686E-03
   21.600  -0.392094E+07  -0.690727E-02   0.176164E-08  -0.195509       0   0.504664E-03
   21.700  -0.392094E+07  -0.677368E-02   0.172757E-08  -0.195108       0   0.481827E-03
   21.800  -0.392094E+07  -0.664293E-02   0.169422E-08  -0.194709       0   0.460111E-03
   21.900  -0.392094E+07  -0.651497E-02   0.166159E-08  -0.194313       0   0.439457E-03
   22.000  -0.392094E+07  -0.638972E-02   0.162964E-08  -0.193920       0   0.419808E-03
   22.100  -0.392094E+07  -0.626713E-02   0.159838E-08  -0.193530       0   0.401113E-03
   22.200  -0.392094E+07  -0.614713E-02   0.156777E-08  -0.193142       0   0.383321E-03
   22.300  -0.392094E+07  -0.602966E-02   0.153781E-08  -0.192757       0   0.366384E-03
   22.400  -0.392094E+07  -0.591466E-02   0.150848E-08  -0.192374       0   0.350260E-03
   22.500  -0.392094E+07  -0.580207E-02   0.147977E-08  -0.191994       0   0.334905E-03
   22.600  -0.392094E+07  -0.569185E-02   0.145165E-08  -0.191616       0   0.320279E-03
   22.700  -0.392094E+07  -0.558393E-02   0.142413E-08  -0.191241       0   0.306347E-03
   22.800  -0.392094E+07  -0.547826E-02   0.139718E-08  -0.190868       0   0.293072E-03
   22.900  -0.392094E+07  -0.537478E-02   0.137079E-08  -0.190498       0   0.280420E-03
   23.000  -0.392094E+07  -0.527346E-02   0.134495E-08  -0.190130       0   0.268360E-03
   23.100  -0.392094E+07  -0.517424E-02   0.131964E-08  -0.189764       0   0.256863E-03
   23.200  -0.392094E+07  -0.507707E-02   0.129486E-08  -0.189401       0   0.245900E-03
   23.300  -0.392094E+07  -0.498191E-02   0.127059E-08  -0.189040       0   0.235444E-03
   23.400  -0.392094E+07  -0.488870E-02   0.124682E-08  -0.188681       0   0.225470E-03
   23.500  -0.392094E+07  -0.479741E-02   0.122354E-08  -0.188325       0   0.215954E-03
   23.600  -0.392094E+07  -0.470799E-02   0.120073E-08  -0.187970       0   0.206873E-03
   23.700  -0.392094E+07  -0.462040E-02   0.117839E-08  -0.187618       0   0.198206E-03
   23.800  -0.392094E+07  -0.453460E-02   0.115651E-08  -0.187269       0   0.189933E-03
   23.900  -0.392094E+07  -0.445055E-02   0.113507E-08  -0.186921       0   0.182033E-03
   24.000  -0.392094E+07  -0.436821E-02   0.111407E-08  -0.186575       0   0.174490E-03
   24.100  -0.392094E+07  -0.428754E-02   0.109350E-08  -0.186232       0   0.167285E-03
   24.200  -0.392094E+07  -0.420850E-02   0.107334E-08  -0.185891       0   0.160403E-03
   24.300  -0.392094E+07  -0.413107E-02   0.105359E-08  -0.185552       0   0.153827E-03
   24.400  -0.392094E+07  -0.405519E-02   0.103424E-08  -0.185215       0   0.147544E-03
   24.500  -0.392094E+07  -0.398084E-02   0.101528E-08  -0.184880       0   0.141538E-03
   24.600  -0.392094E+07  -0.390798E-02   0.996695E-09  -0.184547       0   0.135798E-03
   24.700  -0.392094E+07  -0.383659E-02   0.978486E-09  -0.184215       0   0.130309E-03
   24.800  -0.392094E+07  -0.376662E-02   0.960642E-09  -0.183886       0   0.125061E-03
   24.900  -0.392094E+07  -0.369805E-02   0.943154E-09  -0.183559       0   0.120041E-03
   25.000  -0.392094E+07  -0.363085E-02   0.926014E-09  -0.183234       0   0.115240E-03
   25.100  -0.392094E+07  -0.356498E-02   0.909216E-09  -0.182911       0   0.110647E-03
   25.200  -0.392094E+07  -0.350042E-02   0.892751E-09  -0.182590       0   0.106252E-03
   25.300  -0.392094E+07  -0.343714E-02   0.876612E-09  -0.182270       0   0.102046E-03
   25.400  -0.392094E+07  -0.337512E-02   0.860792E-09  -0.181953       0   0.980200E-04
   25.500  -0.392094E+07  -0.331431E-02   0.845285E-09  -0.181637       0   0.941662E-04
   25.600  -0.392094E+07  -0.325471E-02   0.830083E-09  -0.181323       0   0.904764E-04
   25.700  -0.392094E+07  -0.319627E-02   0.815180E-09  -0.181011       0   0.869431E-04
   25.800  -0.392094E+07  -0.313899E-02   0.800570E-09  -0.180701       0   0.835591E-04
   25.900  -0.392094E+07  -0.308282E-02   0.786245E-09  -0.180392       0   0.803177E-04
   26.000  -0.392094E+07  -0.302776E-02   0.772201E-09  -0.180086       0   0.772124E-04
   26.100  -0.392094E+07  -0.297376E-02   0.758431E-09  -0.179781       0   0.742370E-04
   26.200  -0.392094E+07  -0.292082E-02   0.744929E-09  -0.179478       0   0.713856E-04
   26.300  -0.392094E+07  -0.286891E-02   0.731690E-09  -0.179176       0   0.686528E-04
   26.400  -0.392094E+07  -0.281801E-02   0.718707E-09  -0.178876       0   0.660332E-04
   26.500  -0.392094E+07  -0.276809E-02   0.705976E-09  -0.178578       0   0.635217E-04
   26.600  -0.392094E+07  -0.271914E-02   0.693491E-09  -0.178282       0   0.611136E-04
   26.700  -0.392094E+07  -0.267113E-02   0.681247E-09  -0.177987       0   0.588042E-04
   26.800  -0.392094E+07  -0.262405E-02   0.669238E-09  -0.177694       0   0.565892E-04
   26.900  -0.392094E+07  -0.257787E-02   0.657461E-09  -0.177402       0   0.544645E-04
   27.000  -0.392094E+07  -0.253258E-02   0.645910E-09  -0.177112       0   0.524261E-04
   27.100  -0.392094E+07  -0.248815E-02   0.634580E-09  -0.176824       0   0.504701E-04
   27.200  -0.392094E+07  -0.244458E-02   0.623466E-09  -0.176537       0   0.485931E-04
   27.300  -0.392094E+07  -0.240183E-02   0.612565E-09  -0.176252       0   0.467916E-04
   27.400  -0.392094E+07  -0.235991E-02   0.601872E-09  -0.175968       0   0.450623E-04
   27.500  -0.392094E+07  -0.231877E-02   0.591382E-09  -0.175686       0   0.434021E-04
   27.600  -0.392094E+07  -0.227842E-02   0.581091E-09  -0.175406       0   0.418081E-04
   27.700  -0.392094E+07  -0.223884E-02   0.570995E-09  -0.175127       0   0.402773E-04
   27.800  -0.392094E+07  -0.220000E-02   0.561090E-09  -0.174849       0   0.388071E-04
   27.900  -0.392094E+07  -0.216190E-02   0.551372E-09  -0.174573       0   0.373950E-04
   28.000  -0.392094E+07  -0.212452E-02   0.541838E-09  -0.174299       0   0.360384E-04
   28.100  -0.392094E+07  -0.208784E-02   0.532483E-09  -0.174025       0   0.347349E-04
   28.200  -0.392094E+07  -0.205184E-02   0.523304E-09  -0.173754       0   0.334825E-04
   28.300  -0.392094E+07  -0.201653E-02   0.514297E-09  -0.173483       0   0.322788E-04
   28.400  -0.392094E+07  -0.198187E-02   0.505458E-09  -0.173215       0   0.311219E-04
   28.500  -0.392095E+07  -0.194787E-02   0.496785E-09  -0.172947       0   0.300098E-04
   28.600  -0.392095E+07  -0.191449E-02   0.488274E-09  -0.172681       0   0.289407E-04
   28.700  -0.392094E+07  -0.188174E-02   0.479921E-09  -0.172416       0   0.279127E-04
   28.800  -0.392094E+07  -0.184960E-02   0.471723E-09  -0.172153       0   0.269242E-04
   28.900  -0.392094E+07  -0.181806E-02   0.463678E-09  -0.171891       0   0.259734E-04
   29.000  -0.392094E+07  -0.178710E-02   0.455782E-09  -0.171631       0   0.250590E-04
   29.100  -0.392094E+07  -0.175671E-02   0.448032E-09  -0.171371       0   0.241793E-04
   29.200  -0.392095E+07  -0.172688E-02   0.440425E-09  -0.171113       0   0.233330E-04
   29.300  -0.392095E+07  -0.169761E-02   0.432958E-09  -0.170857       0   0.225187E-04
   29.400  -0.392095E+07  -0.166887E-02   0.425629E-09  -0.170602       0   0.217351E-04
   29.500  -0.392095E+07  -0.164066E-02   0.418435E-09  -0.170348       0   0.209809E-04
   29.600  -0.392095E+07  -0.161297E-02   0.411372E-09  -0.170095       0   0.202550E-04
   29.700  -0.392094E+07  -0.158579E-02   0.404440E-09  -0.169843       0   0.195562E-04
   29.800  -0.392094E+07  -0.155910E-02   0.397633E-09  -0.169593       0   0.188834E-04
   29.900  -0.392095E+07  -0.153290E-02   0.390951E-09  -0.169344       0   0.182357E-04
   30.000  -0.392095E+07  -0.150718E-02   0.384391E-09  -0.169097       0   0.176119E-04
   30.100  -0.392095E+07  -0.148192E-02   0.377951E-09  -0.168850       0   0.170111E-04
   30.200  -0.392095E+07  -0.145713E-02   0.371627E-09  -0.168605       0   0.164325E-04
   30.300  -0.392095E+07  -0.143279E-02   0.365418E-09  -0.168361       0   0.158751E-04
   30.400  -0.392095E+07  -0.140888E-02   0.359322E-09  -0.168118       0   0.153382E-04
   30.500  -0.392095E+07  -0.138541E-02   0.353336E-09  -0.167876       0   0.148208E-04
   30.600  -0.392095E+07  -0.136236E-02   0.347458E-09  -0.167636       0   0.143223E-04
   30.700  -0.392095E+07  -0.133973E-02   0.341686E-09  -0.167397       0   0.138418E-04
   30.800  -0.392095E+07  -0.131751E-02   0.336018E-09  -0.167158       0   0.133788E-04
   30.900  -0.392095E+07  -0.129568E-02   0.330452E-09  -0.166921       0   0.129325E-04
   31.000  -0.392095E+07  -0.127425E-02   0.324985E-09  -0.166686       0   0.125022E-04
   31.100  -0.392095E+07  -0.125320E-02   0.319617E-09  -0.166451       0   0.120874E-04
   31.200  -0.392095E+07  -0.123253E-02   0.314345E-09  -0.166217       0   0.116874E-04
   31.300  -0.392095E+07  -0.121223E-02   0.309166E-09  -0.165985       0   0.113017E-04
   31.400  -0.392095E+07  -0.119228E-02   0.304081E-09  -0.165754       0   0.109298E-04
   31.500  -0.392095E+07  -0.117270E-02   0.299085E-09  -0.165523       0   0.105710E-04
   31.600  -0.392095E+07  -0.115346E-02   0.294179E-09  -0.165294       0   0.102250E-04
   31.700  -0.392095E+07  -0.113456E-02   0.289360E-09  -0.165066       0   0.989115E-05
   31.800  -0.392095E+07  -0.111600E-02   0.284626E-09  -0.164839       0   0.956907E-05
   31.900  -0.392095E+07  -0.109777E-02   0.279976E-09  -0.164613       0   0.925830E-05
   32.000  -0.392095E+07  -0.107986E-02   0.275408E-09  -0.164388       0   0.895842E-05
   32.100  -0.392095E+07  -0.106226E-02   0.270920E-09  -0.164164       0   0.866901E-05
   32.200  -0.392095E+07  -0.104498E-02   0.266512E-09  -0.163942       0   0.838968E-05
   32.300  -0.392095E+07  -0.102800E-02   0.262181E-09  -0.163720       0   0.812005E-05
   32.400  -0.392095E+07  -0.101132E-02   0.257927E-09  -0.163499       0   0.785977E-05
   32.500  -0.392095E+07  -0.994927E-03   0.253747E-09  -0.163280       0   0.760848E-05
   32.600  -0.392095E+07  -0.978825E-03   0.249640E-09  -0.163061       0   0.736585E-05
   32.700  -0.392095E+07  -0.963004E-03   0.245605E-09  -0.162843       0   0.713157E-05
   32.800  -0.392095E+07  -0.947459E-03   0.241640E-09  -0.162627       0   0.690531E-05
   32.900  -0.392095E+07  -0.932186E-03   0.237745E-09  -0.162411       0   0.668679E-05
   33.000  -0.392095E+07  -0.917178E-03   0.233918E-09  -0.162196       0   0.647573E-05
   33.100  -0.392095E+07  -0.902432E-03   0.230157E-09  -0.161982       0   0.627184E-05
   33.200  -0.392095E+07  -0.887941E-03   0.226461E-09  -0.161770       0   0.607487E-05
   33.300  -0.392095E+07  -0.873702E-03   0.222829E-09  -0.161558       0   0.588457E-05
   33.400  -0.392095E+07  -0.859709E-03   0.219260E-09  -0.161347       0   0.570069E-05
   33.500  -0.392095E+07  -0.845958E-03   0.215753E-09  -0.161137       0   0.552300E-05
   33.600  -0.392095E+07  -0.832444E-03   0.212307E-09  -0.160928       0   0.535128E-05
   33.700  -0.392095E+07  -0.819164E-03   0.208920E-09  -0.160720       0   0.518531E-05
   33.800  -0.392095E+07  -0.806112E-03   0.205591E-09  -0.160513       0   0.502489E-05
   33.900  -0.392095E+07  -0.793284E-03   0.202320E-09  -0.160307       0   0.486981E-05
   34.000  -0.392095E+07  -0.780677E-03   0.199104E-09  -0.160101       0   0.471989E-05
   34.100  -0.392095E+07  -0.768285E-03   0.195944E-09  -0.159897       0   0.457493E-05
   34.200  -0.392095E+07  -0.756106E-03   0.192838E-09  -0.159693       0   0.443478E-05
   34.300  -0.392095E+07  -0.744135E-03   0.189784E-09  -0.159491       0   0.429924E-05
   34.400  -0.392095E+07  -0.732368E-03   0.186784E-09  -0.159289       0   0.416817E-05
   34.500  -0.392095E+07  -0.720802E-03   0.183834E-09  -0.159088       0   0.404140E-05
   34.600  -0.392095E+07  -0.709433E-03   0.180934E-09  -0.158888       0   0.391878E-05
   34.700  -0.392095E+07  -0.698257E-03   0.178084E-09  -0.158689       0   0.380017E-05
   34.800  -0.392095E+07  -0.687271E-03   0.175282E-09  -0.158491       0   0.368542E-05
   34.900  -0.392095E+07  -0.676471E-03   0.172527E-09  -0.158293       0   0.357440E-05
   35.000  -0.392095E+07  -0.665853E-03   0.169819E-09  -0.158097       0   0.346698E-05
   35.100  -0.392095E+07  -0.655416E-03   0.167157E-09  -0.157901       0   0.336304E-05
   35.200  -0.392095E+07  -0.645154E-03   0.164540E-09  -0.157706       0   0.326245E-05
   35.300  -0.392095E+07  -0.635066E-03   0.161967E-09  -0.157512       0   0.316510E-05
   35.400  -0.392095E+07  -0.625147E-03   0.159438E-09  -0.157319       0   0.307088E-05
   35.500  -0.392095E+07  -0.615395E-03   0.156951E-09  -0.157127       0   0.297967E-05
   35.600  -0.392095E+07  -0.605807E-03   0.154505E-09  -0.156935       0   0.289138E-05
   35.700  -0.392095E+07  -0.596380E-03   0.152101E-09  -0.156744       0   0.280591E-05
   35.800  -0.392095E+07  -0.587110E-03   0.149737E-09  -0.156554       0   0.272315E-05
   35.900  -0.392095E+07  -0.577996E-03   0.147412E-09  -0.156365       0   0.264302E-05
   36.000  -0.392095E+07  -0.569034E-03   0.145127E-09  -0.156177       0   0.256543E-05
   36.100  -0.392095E+07  -0.560221E-03   0.142879E-09  -0.155989       0   0.249028E-05
   36.200  -0.392095E+07  -0.551555E-03   0.140669E-09  -0.155802       0   0.241751E-05
   36.300  -0.392095E+07  -0.543033E-03   0.138495E-09  -0.155616       0   0.234702E-05
   36.400  -0.392095E+07  -0.534653E-03   0.136358E-09  -0.155431       0   0.227874E-05
   36.500  -0.392095E+07  -0.526412E-03   0.134256E-09  -0.155247       0   0.221260E-05
   36.600  -0.392095E+07  -0.518308E-03   0.132189E-09  -0.155063       0   0.214853E-05
   36.700  -0.392095E+07  -0.510337E-03   0.130157E-09  -0.154880       0   0.208645E-05
   36.800  -0.392095E+07  -0.502499E-03   0.128157E-09  -0.154698       0   0.202629E-05
   36.900  -0.392095E+07  -0.494789E-03   0.126191E-09  -0.154516       0   0.196801E-05
   37.000  -0.392095E+07  -0.487207E-03   0.124257E-09  -0.154335       0   0.191152E-05
   37.100  -0.392095E+07  -0.479750E-03   0.122356E-09  -0.154155       0   0.185678E-05
   37.200  -0.392095E+07  -0.472415E-03   0.120485E-09  -0.153976       0   0.180373E-05
   37.300  -0.392095E+07  -0.465201E-03   0.118645E-09  -0.153798       0   0.175230E-05
   37.400  -0.392095E+07  -0.458105E-03   0.116835E-09  -0.153620       0   0.170245E-05
   37.500  -0.392095E+07  -0.451126E-03   0.115055E-09  -0.153443       0   0.165413E-05
   37.600  -0.392095E+07  -0.444260E-03   0.113304E-09  -0.153266       0   0.160728E-05
   37.700  -0.392095E+07  -0.437507E-03   0.111582E-09  -0.153090       0   0.156185E-05
   37.800  -0.392095E+07  -0.430864E-03   0.109888E-09  -0.152915       0   0.151781E-05
   37.900  -0.392095E+07  -0.424329E-03   0.108221E-09  -0.152741       0   0.147510E-05
   38.000  -0.392095E+07  -0.417901E-03   0.106582E-09  -0.152567       0   0.143368E-05
   38.100  -0.392095E+07  -0.411577E-03   0.104969E-09  -0.152394       0   0.139351E-05
   38.200  -0.392095E+07  -0.405356E-03   0.103382E-09  -0.152222       0   0.135455E-05
   38.300  -0.392095E+07  -0.399236E-03   0.101821E-09  -0.152051       0   0.131676E-05
   38.400  -0.392095E+07  -0.393215E-03   0.100286E-09  -0.151880       0   0.128010E-05
   38.500  -0.392095E+07  -0.387291E-03   0.987747E-10  -0.151709       0   0.124454E-05
   38.600  -0.392095E+07  -0.381463E-03   0.972884E-10  -0.151540       0   0.121004E-05
   38.700  -0.392095E+07  -0.375729E-03   0.958260E-10  -0.151371       0   0.117657E-05
   38.800  -0.392095E+07  -0.370087E-03   0.943872E-10  -0.151203       0   0.114410E-05
   38.900  -0.392095E+07  -0.364537E-03   0.929715E-10  -0.151035       0   0.111258E-05
   39.000  -0.392095E+07  -0.359075E-03   0.915787E-10  -0.150868       0   0.108200E-05
   39.100  -0.392095E+07  -0.353702E-03   0.902081E-10  -0.150702       0   0.105232E-05
   39.200  -0.392095E+07  -0.348414E-03   0.888596E-10  -0.150536       0   0.102352E-05
   39.300  -0.392095E+07  -0.343211E-03   0.875327E-10  -0.150371       0   0.995558E-06
   39.400  -0.392095E+07  -0.338092E-03   0.862270E-10  -0.150207       0   0.968419E-06
   39.500  -0.392095E+07  -0.333054E-03   0.849422E-10  -0.150043       0   0.942075E-06
   39.600  -0.392095E+07  -0.328097E-03   0.836779E-10  -0.149880       0   0.916501E-06
   39.700  -0.392095E+07  -0.323219E-03   0.824338E-10  -0.149717       0   0.891672E-06
   39.800  -0.392095E+07  -0.318418E-03   0.812094E-10  -0.149555       0   0.867565E-06
   39.900  -0.392095E+07  -0.313694E-03   0.800046E-10  -0.149394       0   0.844158E-06
   40.000  -0.392095E+07  -0.309045E-03   0.788189E-10  -0.149233       0   0.821428E-06
   40.100  -0.392095E+07  -0.304470E-03   0.776520E-10  -0.149073       0   0.799356E-06
   40.200  -0.392095E+07  -0.299967E-03   0.765036E-10  -0.148914       0   0.777920E-06
   40.300  -0.392095E+07  -0.295535E-03   0.753734E-10  -0.148755       0   0.757101E-06
   40.400  -0.392095E+07  -0.291174E-03   0.742611E-10  -0.148597       0   0.736880E-06
   40.500  -0.392095E+07  -0.286882E-03   0.731663E-10  -0.148439       0   0.717238E-06
   40.600  -0.392095E+07  -0.282657E-03   0.720888E-10  -0.148282       0   0.698158E-06
   40.700  -0.392095E+07  -0.278499E-03   0.710283E-10  -0.148125       0   0.679623E-06
   40.800  -0.392095E+07  -0.274406E-03   0.699845E-10  -0.147969       0   0.661616E-06
   40.900  -0.392095E+07  -0.270377E-03   0.689571E-10  -0.147814       0   0.644121E-06
   41.000  -0.392095E+07  -0.266412E-03   0.679459E-10  -0.147659       0   0.627122E-06
   41.100  -0.392095E+07  -0.262509E-03   0.669505E-10  -0.147505       0   0.610604E-06
   41.200  -0.392095E+07  -0.258668E-03   0.659707E-10  -0.147351       0   0.594553E-06
   41.300  -0.392095E+07  -0.254886E-03   0.650062E-10  -0.147198       0   0.578955E-06
   41.400  -0.392095E+07  -0.251164E-03   0.640568E-10  -0.147046       0   0.563795E-06
   41.500  -0.392095E+07  -0.247499E-03   0.631223E-10  -0.146894       0   0.549062E-06
   41.600  -0.392095E+07  -0.243892E-03   0.622023E-10  -0.146742       0   0.534741E-06
   41.700  -0.392095E+07  -0.240341E-03   0.612966E-10  -0.146592       0   0.520821E-06
   41.800  -0.392095E+07  -0.236845E-03   0.604051E-10  -0.146441       0   0.507289E-06
   41.900  -0.392095E+07  -0.233404E-03   0.595274E-10  -0.146291       0   0.494134E-06
   42.000  -0.392095E+07  -0.230016E-03   0.586633E-10  -0.146142       0   0.481345E-06
   42.100  -0.392095E+07  -0.226681E-03   0.578127E-10  -0.145994       0   0.468911E-06
   42.200  -0.392095E+07  -0.223397E-03   0.569752E-10  -0.145845       0   0.456822E-06
   42.300  -0.392095E+07  -0.220164E-03   0.561507E-10  -0.145698       0   0.445066E-06
   42.400  -0.392095E+07  -0.216981E-03   0.553389E-10  -0.145551       0   0.433635E-06
   42.500  -0.392095E+07  -0.213848E-03   0.545397E-10  -0.145404       0   0.422518E-06
   42.600  -0.392095E+07  -0.210762E-03   0.537528E-10  -0.145258       0   0.411707E-06
   42.700  -0.392095E+07  -0.207724E-03   0.529780E-10  -0.145112       0   0.401193E-06
   42.800  -0.392095E+07  -0.204733E-03   0.522152E-10  -0.144967       0   0.390966E-06
   42.900  -0.392095E+07  -0.201788E-03   0.514641E-10  -0.144823       0   0.381019E-06
   43.000  -0.392095E+07  -0.198888E-03   0.507245E-10  -0.144679       0   0.371342E-06
   43.100  -0.392095E+07  -0.196033E-03   0.499963E-10  -0.144535       0   0.361930E-06
   43.200  -0.392095E+07  -0.193221E-03   0.492792E-10  -0.144392       0   0.352772E-06
   43.300  -0.392095E+07  -0.190453E-03   0.485731E-10  -0.144250       0   0.343864E-06
   43.400  -0.392095E+07  -0.187726E-03   0.478778E-10  -0.144108       0   0.335196E-06
   43.500  -0.392095E+07  -0.185042E-03   0.471931E-10  -0.143966       0   0.326762E-06
   43.600  -0.392095E+07  -0.182398E-03   0.465189E-10  -0.143825       0   0.318555E-06
   43.700  -0.392095E+07  -0.179795E-03   0.458549E-10  -0.143685       0   0.310570E-06
   43.800  -0.392095E+07  -0.177231E-03   0.452011E-10  -0.143545       0   0.302798E-06
   43.900  -0.392095E+07  -0.174707E-03   0.445572E-10  -0.143405       0   0.295235E-06
   44.000  -0.392095E+07  -0.172220E-03   0.439231E-10  -0.143266       0   0.287875E-06
   44.100  -0.392095E+07  -0.169772E-03   0.432986E-10  -0.143127       0   0.280711E-06
   44.200  -0.392095E+07  -0.167360E-03   0.426836E-10  -0.142989       0   0.273738E-06
   44.300  -0.392095E+07  -0.164985E-03   0.420779E-10  -0.142852       0   0.266950E-06
   44.400  -0.392095E+07  -0.162646E-03   0.414814E-10  -0.142715       0   0.260342E-06
   44.500  -0.392095E+07  -0.160343E-03   0.408939E-10  -0.142578       0   0.253910E-06
   44.600  -0.392095E+07  -0.158074E-03   0.403152E-10  -0.142442       0   0.247648E-06
   44.700  -0.392095E+07  -0.155839E-03   0.397453E-10  -0.142306       0   0.241551E-06
   44.800  -0.392095E+07  -0.153638E-03   0.391840E-10  -0.142170       0   0.235615E-06
   44.900  -0.392095E+07  -0.151471E-03   0.386311E-10  -0.142036       0   0.229835E-06
   45.000  -0.392095E+07  -0.149335E-03   0.380865E-10  -0.141901       0   0.224207E-06
   45.100  -0.392095E+07  -0.147232E-03   0.375502E-10  -0.141767       0   0.218726E-06
   45.200  -0.392095E+07  -0.145161E-03   0.370218E-10  -0.141634       0   0.213389E-06
   45.300  -0.392095E+07  -0.143120E-03   0.365014E-10  -0.141501       0   0.208191E-06
   45.400  -0.392095E+07  -0.141110E-03   0.359888E-10  -0.141368       0   0.203129E-06
   45.500  -0.392095E+07  -0.139130E-03   0.354838E-10  -0.141236       0   0.198198E-06
   45.600  -0.392095E+07  -0.137180E-03   0.349864E-10  -0.141104       0   0.193396E-06
   45.700  -0.392095E+07  -0.135259E-03   0.344964E-10  -0.140973       0   0.188718E-06
   45.800  -0.392095E+07  -0.133366E-03   0.340138E-10  -0.140842       0   0.184161E-06
   45.900  -0.392095E+07  -0.131502E-03   0.335383E-10  -0.140712       0   0.179722E-06
   46.000  -0.392095E+07  -0.129665E-03   0.330699E-10  -0.140582       0   0.175397E-06
   46.100  -0.392095E+07  -0.127856E-03   0.326084E-10  -0.140452       0   0.171184E-06
   46.200  -0.392095E+07  -0.126074E-03   0.321539E-10  -0.140323       0   0.167079E-06
   46.300  -0.392095E+07  -0.124318E-03   0.317060E-10  -0.140194       0   0.163079E-06
   46.400  -0.392095E+07  -0.122588E-03   0.312648E-10  -0.140066       0   0.159182E-06
   46.500  -0.392095E+07  -0.120884E-03   0.308302E-10  -0.139938       0   0.155384E-06
   46.600  -0.392095E+07  -0.119205E-03   0.304019E-10  -0.139811       0   0.151683E-06
   46.700  -0.392095E+07  -0.117550E-03   0.299800E-10  -0.139684       0   0.148077E-06
   46.800  -0.392095E+07  -0.115920E-03   0.295644E-10  -0.139557       0   0.144562E-06
   46.900  -0.392095E+07  -0.114315E-03   0.291548E-10  -0.139431       0   0.141136E-06
   47.000  -0.392095E+07  -0.112733E-03   0.287513E-10  -0.139305       0   0.137797E-06
   47.100  -0.392095E+07  -0.111174E-03   0.283537E-10  -0.139179       0   0.134543E-06
   47.200  -0.392095E+07  -0.109638E-03   0.279620E-10  -0.139054       0   0.131371E-06
   47.300  -0.392095E+07  -0.108124E-03   0.275761E-10  -0.138930       0   0.128279E-06
   47.400  -0.392095E+07  -0.106633E-03   0.271958E-10  -0.138806       0   0.125264E-06
   47.500  -0.392095E+07  -0.105164E-03   0.268211E-10  -0.138682       0   0.122326E-06
   47.600  -0.392095E+07  -0.103716E-03   0.264518E-10  -0.138558       0   0.119461E-06
   47.700  -0.392095E+07  -0.102290E-03   0.260880E-10  -0.138435       0   0.116667E-06
   47.800  -0.392095E+07  -0.100884E-03   0.257295E-10  -0.138313       0   0.113944E-06
   47.900  -0.392095E+07  -0.994990E-04   0.253762E-10  -0.138191       0   0.111288E-06
   48.000  -0.392095E+07  -0.981340E-04   0.250281E-10  -0.138069       0   0.108699E-06
   48.100  -0.392095E+07  -0.967890E-04   0.246851E-10  -0.137947       0   0.106174E-06
   48.200  -0.392095E+07  -0.954636E-04   0.243470E-10  -0.137826       0   0.103712E-06
   48.300  -0.392095E+07  -0.941574E-04   0.240139E-10  -0.137706       0   0.101311E-06
   48.400  -0.392095E+07  -0.928703E-04   0.236856E-10  -0.137585       0   0.989688E-07
   48.500  -0.392095E+07  -0.916018E-04   0.233621E-10  -0.137465       0   0.966848E-07
   48.600  -0.392095E+07  -0.903518E-04   0.230433E-10  -0.137346       0   0.944572E-07
   48.700  -0.392095E+07  -0.891198E-04   0.227291E-10  -0.137227       0   0.922843E-07
   48.800  -0.392095E+07  -0.879058E-04   0.224195E-10  -0.137108       0   0.901649E-07
   48.900  -0.392095E+07  -0.867092E-04   0.221143E-10  -0.136989       0   0.880975E-07
   49.000  -0.392095E+07  -0.855300E-04   0.218136E-10  -0.136871       0   0.860807E-07
   49.100  -0.392095E+07  -0.843678E-04   0.215172E-10  -0.136754       0   0.841132E-07
   49.200  -0.392095E+07  -0.832224E-04   0.212251E-10  -0.136636       0   0.821937E-07
   49.300  -0.392095E+07  -0.820935E-04   0.209371E-10  -0.136519       0   0.803211E-07
   49.400  -0.392095E+07  -0.809809E-04   0.206534E-10  -0.136403       0   0.784940E-07
   49.500  -0.392095E+07  -0.798842E-04   0.203737E-10  -0.136286       0   0.767113E-07
   49.600  -0.392095E+07  -0.788033E-04   0.200980E-10  -0.136171       0   0.749718E-07
   49.700  -0.392095E+07  -0.777380E-04   0.198263E-10  -0.136055       0   0.732744E-07
   49.800  -0.392095E+07  -0.766879E-04   0.195585E-10  -0.135940       0   0.716181E-07
   49.900  -0.392095E+07  -0.756529E-04   0.192945E-10  -0.135825       0   0.700018E-07
   50.000  -0.392095E+07  -0.746328E-04   0.190343E-10  -0.135711       0   0.684244E-07
   50.100  -0.392095E+07  -0.736272E-04   0.187779E-10  -0.135596       0   0.668849E-07
   50.200  -0.392095E+07  -0.726360E-04   0.185251E-10  -0.135483       0   0.653825E-07
   50.300  -0.392095E+07  -0.716589E-04   0.182759E-10  -0.135369       0   0.639160E-07
   50.400  -0.392095E+07  -0.706958E-04   0.180303E-10  -0.135256       0   0.624847E-07
   50.500  -0.392095E+07  -0.697464E-04   0.177881E-10  -0.135143       0   0.610876E-07
   50.600  -0.392095E+07  -0.688106E-04   0.175495E-10  -0.135031       0   0.597238E-07
   50.700  -0.392095E+07  -0.678881E-04   0.173142E-10  -0.134919       0   0.583925E-07
   50.800  -0.392095E+07  -0.669786E-04   0.170822E-10  -0.134807       0   0.570929E-07
   50.900  -0.392095E+07  -0.660822E-04   0.168536E-10  -0.134696       0   0.558242E-07
   51.000  -0.392095E+07  -0.651984E-04   0.166282E-10  -0.134585       0   0.545856E-07
   51.100  -0.392095E+07  -0.643272E-04   0.164060E-10  -0.134474       0   0.533762E-07
   51.200  -0.392095E+07  -0.634683E-04   0.161870E-10  -0.134363       0   0.521955E-07
   51.300  -0.392095E+07  -0.626215E-04   0.159710E-10  -0.134253       0   0.510426E-07
   51.400  -0.392095E+07  -0.617868E-04   0.157581E-10  -0.134144       0   0.499169E-07
   51.500  -0.392095E+07  -0.609638E-04   0.155482E-10  -0.134034       0   0.488177E-07
   51.600  -0.392095E+07  -0.601525E-04   0.153413E-10  -0.133925       0   0.477443E-07
   51.700  -0.392095E+07  -0.593526E-04   0.151373E-10  -0.133816       0   0.466961E-07
   51.800  -0.392095E+07  -0.585639E-04   0.149362E-10  -0.133708       0   0.456725E-07
   51.900  -0.392095E+07  -0.577864E-04   0.147379E-10  -0.133600       0   0.446727E-07
   52.000  -0.392095E+07  -0.570198E-04   0.145423E-10  -0.133492       0   0.436964E-07
   52.100  -0.392095E+07  -0.562640E-04   0.143496E-10  -0.133384       0   0.427427E-07
   52.200  -0.392095E+07  -0.555188E-04   0.141595E-10  -0.133277       0   0.418113E-07
   52.300  -0.392095E+07  -0.547841E-04   0.139721E-10  -0.133170       0   0.409015E-07
   52.400  -0.392095E+07  -0.540597E-04   0.137874E-10  -0.133064       0   0.400129E-07
   52.500  -0.392095E+07  -0.533454E-04   0.136052E-10  -0.132957       0   0.391448E-07
   52.600  -0.392095E+07  -0.526411E-04   0.134256E-10  -0.132851       0   0.382968E-07
   52.700  -0.392095E+07  -0.519466E-04   0.132485E-10  -0.132746       0   0.374684E-07
   52.800  -0.392095E+07  -0.512619E-04   0.130738E-10  -0.132640       0   0.366591E-07
   52.900  -0.392095E+07  -0.505867E-04   0.129016E-10  -0.132535       0   0.358684E-07
   53.000  -0.392095E+07  -0.499209E-04   0.127318E-10  -0.132431       0   0.350959E-07
   53.100  -0.392095E+07  -0.492644E-04   0.125644E-10  -0.132326       0   0.343411E-07
   53.200  -0.392095E+07  -0.486171E-04   0.123993E-10  -0.132222       0   0.336037E-07
   53.300  -0.392095E+07  -0.479787E-04   0.122365E-10  -0.132118       0   0.328831E-07
   53.400  -0.392095E+07  -0.473493E-04   0.120760E-10  -0.132015       0   0.321790E-07
   53.500  -0.392095E+07  -0.467285E-04   0.119177E-10  -0.131912       0   0.314910E-07
   53.600  -0.392095E+07  -0.461164E-04   0.117615E-10  -0.131809       0   0.308186E-07
   53.700  -0.392095E+07  -0.455128E-04   0.116076E-10  -0.131706       0   0.301616E-07
   53.800  -0.392095E+07  -0.449175E-04   0.114558E-10  -0.131604       0   0.295195E-07
   53.900  -0.392095E+07  -0.443305E-04   0.113061E-10  -0.131502       0   0.288919E-07
   54.000  -0.392095E+07  -0.437516E-04   0.111584E-10  -0.131400       0   0.282786E-07
   54.100  -0.392095E+07  -0.431807E-04   0.110128E-10  -0.131298       0   0.276791E-07
   54.200  -0.392095E+07  -0.426176E-04   0.108692E-10  -0.131197       0   0.270932E-07
   54.300  -0.392095E+07  -0.420624E-04   0.107276E-10  -0.131096       0   0.265204E-07
   54.400  -0.392095E+07  -0.415147E-04   0.105879E-10  -0.130996       0   0.259606E-07
   54.500  -0.392095E+07  -0.409747E-04   0.104502E-10  -0.130895       0   0.254134E-07
   54.600  -0.392095E+07  -0.404420E-04   0.103143E-10  -0.130795       0   0.248784E-07
   54.700  -0.392095E+07  -0.399167E-04   0.101804E-10  -0.130695       0   0.243555E-07
   54.800  -0.392095E+07  -0.393986E-04   0.100482E-10  -0.130596       0   0.238443E-07
   54.900  -0.392095E+07  -0.388876E-04   0.991790E-11  -0.130497       0   0.233445E-07
 &
   54.900    344143.       0.602844E-05   0.175172E-10  -0.137240       0   0.233445E-07
   54.900    379526.       0.664824E-05   0.175172E-10  -0.137240       0   0.233445E-07
   54.900  -0.392095E+07  -0.388876E-04   0.991790E-11  -0.130497       0   0.233445E-07
   54.900    344143.       0.602844E-05   0.175172E-10  -0.137240       0   0.233445E-07
   54.900    379526.       0.664824E-05   0.175172E-10  -0.137240       0   0.233445E-07
   54.900  -0.203340E+07  -0.244035E-04   0.120013E-10  -0.132777       0   0.233445E-07
   54.900  -0.207621E+07  -0.249172E-04   0.120013E-10  -0.132777       0   0.233445E-07
   54.900    54803.7       0.168014E-05   0.306575E-10  -0.143709       0   0.233445E-07
