  0.1000E-01  0.8649E+16
   1.000      0.8577E+08
   2.000      0.5048E+07
   3.000      0.9009E+06
   4.000      0.2527E+06
   5.000      0.9266E+05
   6.000      0.4176E+05
   7.000      0.2261E+05
   8.000      0.1438E+05
   9.000      0.1035E+05
   10.00       8072.    
   11.00       6581.    
   12.00       5472.    
   13.00       4571.    
   14.00       3800.    
   15.00       3125.    
   16.00       2533.    
   17.00       2016.    
   18.00       1571.    
   19.00       1193.    
   20.00       880.7    
   21.00       627.5    
   22.00       428.1    
   23.00       276.3    
   24.00       165.7    
   25.00       89.46    
   26.00       41.15    
   27.00       14.65    
   28.00       4.365    
   29.00       5.392    
   30.00       13.55    
   31.00       25.43    
   32.00       38.38    
   33.00       50.44    
   34.00       60.31    
   35.00       67.23    
   36.00       70.92    
   37.00       71.44    
   38.00       69.14    
   39.00       64.51    
   40.00       58.16    
   41.00       50.71    
   42.00       42.77    
   43.00       34.87    
   44.00       27.44    
   45.00       20.82    
   46.00       15.22    
   47.00       10.76    
   48.00       7.456    
   49.00       5.247    
   50.00       4.011    
   51.00       3.584    
   52.00       3.781    
   53.00       4.409    
   54.00       5.283    
   55.00       6.238    
   56.00       7.134    
   57.00       7.866    
   58.00       8.359    
   59.00       8.575    
   60.00       8.503    
   61.00       8.161    
   62.00       7.585    
   63.00       6.828    
   64.00       5.950    
   65.00       5.016    
   66.00       4.088    
   67.00       3.224    
   68.00       2.471    
   69.00       1.865    
   70.00       1.431    
   71.00       1.180    
   72.00       1.113    
   73.00       1.218    
   74.00       1.477    
   75.00       1.862    
   76.00       2.345    
   77.00       2.890    
   78.00       3.466    
   79.00       4.042    
   80.00       4.588    
   81.00       5.082    
   82.00       5.506    
   83.00       5.845    
   84.00       6.093    
   85.00       6.246    
   86.00       6.308    
   87.00       6.285    
   88.00       6.184    
   89.00       6.018    
   90.00       5.799    
   91.00       5.539    
   92.00       5.250    
   93.00       4.943    
   94.00       4.628    
   95.00       4.314    
   96.00       4.007    
   97.00       3.712    
   98.00       3.432    
   99.00       3.170    
   100.0       2.927    
   101.0       2.704    
   102.0       2.502    
   103.0       2.321    
   104.0       2.162    
   105.0       2.025    
   106.0       1.913    
   107.0       1.824    
   108.0       1.763    
   109.0       1.728    
   110.0       1.721    
   111.0       1.742    
   112.0       1.790    
   113.0       1.863    
   114.0       1.959    
   115.0       2.073    
   116.0       2.199    
   117.0       2.333    
   118.0       2.466    
   119.0       2.591    
   120.0       2.700    
   121.0       2.787    
   122.0       2.844    
   123.0       2.867    
   124.0       2.851    
   125.0       2.795    
   126.0       2.697    
   127.0       2.560    
   128.0       2.387    
   129.0       2.186    
   130.0       1.964    
   131.0       1.729    
   132.0       1.492    
   133.0       1.262    
   134.0       1.051    
   135.0      0.8680    
   136.0      0.7204    
   137.0      0.6149    
   138.0      0.5557    
   139.0      0.5443    
   140.0      0.5800    
   141.0      0.6591    
   142.0      0.7755    
   143.0      0.9210    
   144.0       1.085    
   145.0       1.258    
   146.0       1.426    
   147.0       1.578    
   148.0       1.704    
   149.0       1.793    
   150.0       1.840    
   151.0       1.838    
   152.0       1.787    
   153.0       1.689    
   154.0       1.549    
   155.0       1.375    
   156.0       1.179    
   157.0      0.9741    
   158.0      0.7773    
   159.0      0.6049    
   160.0      0.4739    
   161.0      0.4008    
   162.0      0.4002    
   163.0      0.4844    
   164.0      0.6625    
   165.0      0.9396    
   166.0       1.317    
   167.0       1.790    
   168.0       2.351    
   169.0       2.987    
   170.0       3.682    
   171.0       4.415    
   172.0       5.163    
   173.0       5.902    
   174.0       6.608    
   175.0       7.254    
   176.0       7.819    
   177.0       8.281    
   178.0       8.624    
   179.0       8.835    
   180.0       8.907    
