# Fusion cross sections for ELAB=  16.000, ECM=  14.466
     0.5   23.87      1
     0.5   48.00     -1
     1.5   47.68      1
     1.5   95.93     -1
     2.5   71.52      1
     2.5   144.6     -1
     3.5   94.57      1
     3.5   192.0     -1
     4.5   118.2      1
     4.5   242.4     -1
     5.5   133.9      1
     5.5   282.9     -1
     6.5   156.2      1
     6.5   313.1     -1
     7.5   88.83      1
     7.5   268.1     -1
     8.5   99.93      1
     8.5   135.1     -1
     9.5   10.28      1
     9.5   49.39     -1
    10.5   11.31      1
    10.5   14.59     -1
    11.5   1.073      1
    11.5   4.647     -1
    12.5   1.162      1
    12.5   1.516     -1
    13.5  0.1164      1
    13.5  0.4970     -1
    14.5  0.1247      1
    14.5  0.1628     -1
    15.5  0.1242E-01  1
    15.5  0.5312E-01 -1
    16.5  0.1320E-01  1
    16.5  0.1718E-01 -1
    17.5  0.1242E-02  1
    17.5  0.5461E-02 -1
 &
     0.5   23.78      1
     0.5   47.55     -1
     1.5   47.56      1
     1.5   95.11     -1
     2.5   71.34      1
     2.5   143.3     -1
     3.5   94.60      1
     3.5   190.5     -1
     4.5   118.2      1
     4.5   241.0     -1
     5.5   133.0      1
     5.5   280.3     -1
     6.5   155.1      1
     6.5   309.9     -1
     7.5   67.44      1
     7.5   244.3     -1
     8.5   75.87      1
     8.5   95.07     -1
     9.5   4.438      1
     9.5   25.76     -1
    10.5   4.882      1
    10.5   6.184     -1
    11.5  0.4100      1
    11.5   1.831     -1
    12.5  0.4442      1
    12.5  0.5761     -1
    13.5  0.4268E-01  1
    13.5  0.1847     -1
    14.5  0.4573E-01  1
    14.5  0.5954E-01 -1
    15.5  0.4450E-02  1
    15.5  0.1918E-01 -1
    16.5  0.4728E-02  1
     0.5   23.78      1
     0.5   47.55     -1
     1.5   47.56      1
     1.5   95.11     -1
     2.5   71.34      1
     2.5   143.3     -1
     3.5   94.60      1
     3.5   190.5     -1
     4.5   118.2      1
     4.5   241.0     -1
     5.5   133.0      1
     5.5   280.3     -1
     6.5   155.1      1
     6.5   309.9     -1
     7.5   67.44      1
     7.5   244.3     -1
     8.5   75.87      1
     8.5   95.07     -1
     9.5   4.438      1
     9.5   25.76     -1
    10.5   4.882      1
    10.5   6.184     -1
    11.5  0.4100      1
    11.5   1.831     -1
    12.5  0.4442      1
    12.5  0.5761     -1
    13.5  0.4268E-01  1
    13.5  0.1847     -1
    14.5  0.4573E-01  1
    14.5  0.5954E-01 -1
    15.5  0.4450E-02  1
    15.5  0.1918E-01 -1
    16.5  0.4728E-02  1
     0.5   23.78      1
     0.5   47.55     -1
     1.5   47.56      1
     1.5   95.11     -1
     2.5   71.34      1
     2.5   143.3     -1
     3.5   94.60      1
     3.5   190.5     -1
     4.5   118.2      1
     4.5   241.0     -1
     5.5   133.0      1
     5.5   280.3     -1
     6.5   155.1      1
     6.5   309.9     -1
     7.5   67.44      1
     7.5   244.3     -1
     8.5   75.87      1
     8.5   95.07     -1
     9.5   4.438      1
     9.5   25.76     -1
    10.5   4.882      1
    10.5   6.184     -1
    11.5  0.4100      1
    11.5   1.831     -1
    12.5  0.4442      1
    12.5  0.5761     -1
    13.5  0.4268E-01  1
    13.5  0.1847     -1
    14.5  0.4572E-01  1
    14.5  0.5954E-01 -1
    15.5  0.4450E-02  1
    15.5  0.1918E-01 -1
    16.5  0.4728E-02  1
     0.5   23.78      1
     0.5   47.55     -1
     1.5   47.56      1
     1.5   95.12     -1
     2.5   71.35      1
     2.5   143.3     -1
     3.5   94.60      1
     3.5   190.5     -1
     4.5   118.2      1
     4.5   241.0     -1
     5.5   133.0      1
     5.5   280.3     -1
     6.5   155.1      1
     6.5   309.9     -1
     7.5   67.45      1
     7.5   244.4     -1
     8.5   75.89      1
     8.5   95.09     -1
     9.5   4.441      1
     9.5   25.77     -1
    10.5   4.885      1
    10.5   6.188     -1
    11.5  0.4104      1
    11.5   1.832     -1
    12.5  0.4446      1
    12.5  0.5766     -1
    13.5  0.4273E-01  1
    13.5  0.1849     -1
    14.5  0.4579E-01  1
    14.5  0.5962E-01 -1
    15.5  0.4458E-02  1
    15.5  0.1921E-01 -1
    16.5  0.4736E-02  1
     0.5   23.78      1
     0.5   47.55     -1
     1.5   47.56      1
     1.5   95.11     -1
     2.5   71.34      1
     2.5   143.2     -1
     3.5   94.60      1
     3.5   190.5     -1
     4.5   118.2      1
     4.5   241.0     -1
     5.5   133.0      1
     5.5   280.3     -1
     6.5   155.1      1
     6.5   309.9     -1
     7.5   67.43      1
     7.5   244.3     -1
     8.5   75.86      1
     8.5   95.05     -1
     9.5   4.435      1
     9.5   25.75     -1
    10.5   4.879      1
    10.5   6.180     -1
    11.5  0.4096      1
    11.5   1.829     -1
    12.5  0.4437      1
    12.5  0.5755     -1
    13.5  0.4262E-01  1
    13.5  0.1845     -1
    14.5  0.4567E-01  1
    14.5  0.5946E-01 -1
    15.5  0.4443E-02  1
    15.5  0.1915E-01 -1
    16.5  0.4721E-02  1
     0.5   23.78      1
     0.5   47.55     -1
     1.5   47.56      1
     1.5   95.12     -1
     2.5   71.35      1
     2.5   143.3     -1
     3.5   94.60      1
     3.5   190.5     -1
     4.5   118.2      1
     4.5   241.0     -1
     5.5   133.0      1
     5.5   280.3     -1
     6.5   155.1      1
     6.5   309.9     -1
     7.5   67.48      1
     7.5   244.4     -1
     8.5   75.92      1
     8.5   95.14     -1
     9.5   4.448      1
     9.5   25.80     -1
    10.5   4.893      1
    10.5   6.199     -1
    11.5  0.4115      1
    11.5   1.836     -1
    12.5  0.4458      1
    12.5  0.5782     -1
    13.5  0.4289E-01  1
    13.5  0.1855     -1
    14.5  0.4595E-01  1
    14.5  0.5984E-01 -1
    15.5  0.4477E-02  1
    15.5  0.1929E-01 -1
    16.5  0.4757E-02  1
     0.5   23.78      1
     0.5   47.55     -1
     1.5   47.56      1
     1.5   95.11     -1
     2.5   71.34      1
     2.5   143.2     -1
     3.5   94.59      1
     3.5   190.5     -1
     4.5   118.2      1
     4.5   241.0     -1
     5.5   133.0      1
     5.5   280.3     -1
     6.5   155.1      1
     6.5   309.9     -1
     7.5   67.41      1
     7.5   244.3     -1
     8.5   75.83      1
     8.5   95.00     -1
     9.5   4.428      1
     9.5   25.73     -1
    10.5   4.871      1
    10.5   6.169     -1
    11.5  0.4085      1
    11.5   1.825     -1
    12.5  0.4426      1
    12.5  0.5739     -1
    13.5  0.4247E-01  1
    13.5  0.1839     -1
    14.5  0.4550E-01  1
    14.5  0.5924E-01 -1
    15.5  0.4423E-02  1
    15.5  0.1908E-01 -1
    16.5  0.4700E-02  1
     0.5   23.01      1
     0.5   45.96     -1
     1.5   46.15      1
     1.5   92.04     -1
     2.5   69.22      1
     2.5   138.3     -1
     3.5   92.41      1
     3.5   184.5     -1
     4.5   115.5      1
     4.5   233.3     -1
     5.5   129.4      1
     5.5   270.8     -1
     6.5   151.0      1
     6.5   304.5     -1
     7.5   47.62      1
     7.5   223.1     -1
     8.5   53.57      1
     8.5   62.76     -1
     9.5   1.215      1
     9.5   11.43     -1
    10.5   1.336      1
    10.5   1.598     -1
    11.5  0.6582E-01  1
    11.5  0.3518     -1
    12.5  0.7130E-01  1
    12.5  0.8868E-01 -1
    13.5  0.4665E-02  1
    13.5  0.2338E-01 -1
    14.5  0.4998E-02  1
     0.5   24.03      1
     0.5   48.15     -1
     1.5   48.06      1
     1.5   96.30     -1
     2.5   72.09      1
     2.5   145.0     -1
     3.5   95.67      1
     3.5   192.9     -1
     4.5   119.6      1
     4.5   243.4     -1
     5.5   136.4      1
     5.5   285.0     -1
     6.5   159.1      1
     6.5   316.4     -1
     7.5   86.64      1
     7.5   266.4     -1
     8.5   97.47      1
     8.5   130.9     -1
     9.5   11.29      1
     9.5   48.43     -1
    10.5   12.42      1
    10.5   16.79     -1
    11.5   1.757      1
    11.5   6.526     -1
    12.5   1.904      1
    12.5   2.616     -1
    13.5  0.2890      1
    13.5   1.056     -1
    14.5  0.3096      1
    14.5  0.4264     -1
    15.5  0.4652E-01  1
    15.5  0.1710     -1
    16.5  0.4943E-01  1
    16.5  0.6740E-01 -1
    17.5  0.6570E-02  1
    17.5  0.2559E-01 -1
    18.5  0.6935E-02  1
     0.5   24.03      1
     0.5   48.15     -1
     1.5   48.06      1
     1.5   96.30     -1
     2.5   72.09      1
     2.5   145.0     -1
     3.5   95.67      1
     3.5   192.9     -1
     4.5   119.6      1
     4.5   243.4     -1
     5.5   136.4      1
     5.5   285.0     -1
     6.5   159.1      1
     6.5   316.4     -1
     7.5   86.64      1
     7.5   266.4     -1
     8.5   97.47      1
     8.5   130.9     -1
     9.5   11.29      1
     9.5   48.43     -1
    10.5   12.42      1
    10.5   16.79     -1
    11.5   1.757      1
    11.5   6.526     -1
    12.5   1.904      1
    12.5   2.616     -1
    13.5  0.2890      1
    13.5   1.056     -1
    14.5  0.3096      1
    14.5  0.4264     -1
    15.5  0.4652E-01  1
    15.5  0.1710     -1
    16.5  0.4943E-01  1
    16.5  0.6740E-01 -1
    17.5  0.6570E-02  1
    17.5  0.2559E-01 -1
    18.5  0.6935E-02  1
     0.5   24.03      1
     0.5   48.15     -1
     1.5   48.06      1
     1.5   96.30     -1
     2.5   72.09      1
     2.5   145.0     -1
     3.5   95.67      1
     3.5   192.9     -1
     4.5   119.6      1
     4.5   243.4     -1
     5.5   136.4      1
     5.5   285.0     -1
     6.5   159.1      1
     6.5   316.4     -1
     7.5   86.64      1
     7.5   266.4     -1
     8.5   97.47      1
     8.5   130.9     -1
     9.5   11.29      1
     9.5   48.43     -1
    10.5   12.42      1
    10.5   16.79     -1
    11.5   1.757      1
    11.5   6.526     -1
    12.5   1.904      1
    12.5   2.616     -1
    13.5  0.2890      1
    13.5   1.056     -1
    14.5  0.3096      1
    14.5  0.4264     -1
    15.5  0.4652E-01  1
    15.5  0.1710     -1
    16.5  0.4943E-01  1
    16.5  0.6740E-01 -1
    17.5  0.6570E-02  1
    17.5  0.2559E-01 -1
    18.5  0.6935E-02  1
     0.5   24.03      1
     0.5   48.15     -1
     1.5   48.06      1
     1.5   96.30     -1
     2.5   72.09      1
     2.5   145.0     -1
     3.5   95.67      1
     3.5   192.9     -1
     4.5   119.6      1
     4.5   243.4     -1
     5.5   136.4      1
     5.5   285.0     -1
     6.5   159.1      1
     6.5   316.4     -1
     7.5   86.62      1
     7.5   266.4     -1
     8.5   97.44      1
     8.5   130.9     -1
     9.5   11.28      1
     9.5   48.40     -1
    10.5   12.41      1
    10.5   16.77     -1
    11.5   1.755      1
    11.5   6.520     -1
    12.5   1.901      1
    12.5   2.613     -1
    13.5  0.2885      1
    13.5   1.055     -1
    14.5  0.3091      1
    14.5  0.4257     -1
    15.5  0.4644E-01  1
    15.5  0.1707     -1
    16.5  0.4934E-01  1
    16.5  0.6727E-01 -1
    17.5  0.6556E-02  1
    17.5  0.2554E-01 -1
    18.5  0.6921E-02  1
     0.5   24.03      1
     0.5   48.15     -1
     1.5   48.06      1
     1.5   96.30     -1
     2.5   72.09      1
     2.5   145.0     -1
     3.5   95.67      1
     3.5   192.9     -1
     4.5   119.6      1
     4.5   243.4     -1
     5.5   136.4      1
     5.5   285.0     -1
     6.5   159.2      1
     6.5   316.4     -1
     7.5   86.66      1
     7.5   266.4     -1
     8.5   97.49      1
     8.5   130.9     -1
     9.5   11.30      1
     9.5   48.45     -1
    10.5   12.43      1
    10.5   16.80     -1
    11.5   1.759      1
    11.5   6.533     -1
    12.5   1.906      1
    12.5   2.619     -1
    13.5  0.2894      1
    13.5   1.058     -1
    14.5  0.3101      1
    14.5  0.4270     -1
    15.5  0.4661E-01  1
    15.5  0.1713     -1
    16.5  0.4952E-01  1
    16.5  0.6752E-01 -1
    17.5  0.6584E-02  1
    17.5  0.2564E-01 -1
    18.5  0.6949E-02  1
     0.5   24.03      1
     0.5   48.15     -1
     1.5   48.06      1
     1.5   96.30     -1
     2.5   72.09      1
     2.5   145.0     -1
     3.5   95.67      1
     3.5   192.9     -1
     4.5   119.6      1
     4.5   243.4     -1
     5.5   136.4      1
     5.5   285.0     -1
     6.5   159.1      1
     6.5   316.4     -1
     7.5   86.63      1
     7.5   266.4     -1
     8.5   97.46      1
     8.5   130.9     -1
     9.5   11.28      1
     9.5   48.41     -1
    10.5   12.41      1
    10.5   16.78     -1
    11.5   1.756      1
    11.5   6.523     -1
    12.5   1.903      1
    12.5   2.615     -1
    13.5  0.2888      1
    13.5   1.056     -1
    14.5  0.3094      1
    14.5  0.4260     -1
    15.5  0.4648E-01  1
    15.5  0.1709     -1
    16.5  0.4939E-01  1
    16.5  0.6733E-01 -1
    17.5  0.6563E-02  1
    17.5  0.2557E-01 -1
    18.5  0.6928E-02  1
     0.5   24.03      1
     0.5   48.15     -1
     1.5   48.06      1
     1.5   96.30     -1
     2.5   72.09      1
     2.5   145.0     -1
     3.5   95.67      1
     3.5   192.9     -1
     4.5   119.6      1
     4.5   243.4     -1
     5.5   136.4      1
     5.5   285.0     -1
     6.5   159.2      1
     6.5   316.4     -1
     7.5   86.65      1
     7.5   266.4     -1
     8.5   97.48      1
     8.5   130.9     -1
     9.5   11.29      1
     9.5   48.44     -1
    10.5   12.42      1
    10.5   16.80     -1
    11.5   1.758      1
    11.5   6.530     -1
    12.5   1.905      1
    12.5   2.618     -1
    13.5  0.2892      1
    13.5   1.057     -1
    14.5  0.3099      1
    14.5  0.4267     -1
    15.5  0.4657E-01  1
    15.5  0.1712     -1
    16.5  0.4948E-01  1
    16.5  0.6746E-01 -1
    17.5  0.6577E-02  1
    17.5  0.2562E-01 -1
    18.5  0.6942E-02  1
     0.5   24.09      1
     0.5   48.28     -1
     1.5   48.18      1
     1.5   96.56     -1
     2.5   72.26      1
     2.5   145.4     -1
     3.5   95.94      1
     3.5   193.4     -1
     4.5   119.9      1
     4.5   243.9     -1
     5.5   137.3      1
     5.5   286.1     -1
     6.5   160.2      1
     6.5   318.3     -1
     7.5   92.18      1
     7.5   272.9     -1
     8.5   103.7      1
     8.5   142.0     -1
     9.5   14.04      1
     9.5   56.62     -1
    10.5   15.45      1
    10.5   21.22     -1
    11.5   2.440      1
    11.5   8.734     -1
    12.5   2.644      1
    12.5   3.681     -1
    13.5  0.4406      1
    13.5   1.558     -1
    14.5  0.4720      1
    14.5  0.6581     -1
    15.5  0.7733E-01  1
    15.5  0.2758     -1
    16.5  0.8216E-01  1
    16.5  0.1131     -1
    17.5  0.1167E-01  1
    17.5  0.4447E-01 -1
    18.5  0.1232E-01  1
    18.5  0.1637E-01 -1
    19.5  0.1281E-02  1
    19.5  0.5548E-02 -1
     0.5   24.09      1
     0.5   48.28     -1
     1.5   48.18      1
     1.5   96.56     -1
     2.5   72.26      1
     2.5   145.4     -1
     3.5   95.94      1
     3.5   193.4     -1
     4.5   119.9      1
     4.5   243.9     -1
     5.5   137.3      1
     5.5   286.1     -1
     6.5   160.2      1
     6.5   318.3     -1
     7.5   92.18      1
     7.5   272.9     -1
     8.5   103.7      1
     8.5   142.0     -1
     9.5   14.04      1
     9.5   56.62     -1
    10.5   15.45      1
    10.5   21.22     -1
    11.5   2.440      1
    11.5   8.734     -1
    12.5   2.644      1
    12.5   3.681     -1
    13.5  0.4406      1
    13.5   1.558     -1
    14.5  0.4720      1
    14.5  0.6581     -1
    15.5  0.7733E-01  1
    15.5  0.2758     -1
    16.5  0.8216E-01  1
    16.5  0.1131     -1
    17.5  0.1167E-01  1
    17.5  0.4447E-01 -1
    18.5  0.1232E-01  1
    18.5  0.1637E-01 -1
    19.5  0.1281E-02  1
    19.5  0.5548E-02 -1
     0.5   24.09      1
     0.5   48.28     -1
     1.5   48.18      1
     1.5   96.56     -1
     2.5   72.26      1
     2.5   145.4     -1
     3.5   95.94      1
     3.5   193.4     -1
     4.5   119.9      1
     4.5   243.9     -1
     5.5   137.3      1
     5.5   286.1     -1
     6.5   160.2      1
     6.5   318.3     -1
     7.5   92.18      1
     7.5   272.9     -1
     8.5   103.7      1
     8.5   142.0     -1
     9.5   14.04      1
     9.5   56.62     -1
    10.5   15.45      1
    10.5   21.22     -1
    11.5   2.440      1
    11.5   8.734     -1
    12.5   2.644      1
    12.5   3.681     -1
    13.5  0.4406      1
    13.5   1.558     -1
    14.5  0.4720      1
    14.5  0.6581     -1
    15.5  0.7733E-01  1
    15.5  0.2758     -1
    16.5  0.8216E-01  1
    16.5  0.1131     -1
    17.5  0.1167E-01  1
    17.5  0.4447E-01 -1
    18.5  0.1232E-01  1
    18.5  0.1637E-01 -1
    19.5  0.1281E-02  1
    19.5  0.5548E-02 -1
     0.5   24.09      1
     0.5   48.28     -1
     1.5   48.18      1
     1.5   96.56     -1
     2.5   72.26      1
     2.5   145.4     -1
     3.5   95.94      1
     3.5   193.4     -1
     4.5   119.9      1
     4.5   243.9     -1
     5.5   137.3      1
     5.5   286.1     -1
     6.5   160.2      1
     6.5   318.3     -1
     7.5   92.18      1
     7.5   272.9     -1
     8.5   103.7      1
     8.5   142.0     -1
     9.5   14.04      1
     9.5   56.62     -1
    10.5   15.45      1
    10.5   21.22     -1
    11.5   2.440      1
    11.5   8.733     -1
    12.5   2.643      1
    12.5   3.681     -1
    13.5  0.4405      1
    13.5   1.558     -1
    14.5  0.4720      1
    14.5  0.6580     -1
    15.5  0.7732E-01  1
    15.5  0.2758     -1
    16.5  0.8215E-01  1
    16.5  0.1131     -1
    17.5  0.1167E-01  1
    17.5  0.4446E-01 -1
    18.5  0.1232E-01  1
    18.5  0.1637E-01 -1
    19.5  0.1280E-02  1
    19.5  0.5547E-02 -1
     0.5   24.09      1
     0.5   48.28     -1
     1.5   48.18      1
     1.5   96.56     -1
     2.5   72.26      1
     2.5   145.4     -1
     3.5   95.94      1
     3.5   193.4     -1
     4.5   119.9      1
     4.5   243.9     -1
     5.5   137.3      1
     5.5   286.1     -1
     6.5   160.2      1
     6.5   318.3     -1
     7.5   92.19      1
     7.5   272.9     -1
     8.5   103.7      1
     8.5   142.0     -1
     9.5   14.05      1
     9.5   56.62     -1
    10.5   15.45      1
    10.5   21.22     -1
    11.5   2.440      1
    11.5   8.735     -1
    12.5   2.644      1
    12.5   3.681     -1
    13.5  0.4406      1
    13.5   1.558     -1
    14.5  0.4721      1
    14.5  0.6582     -1
    15.5  0.7734E-01  1
    15.5  0.2759     -1
    16.5  0.8218E-01  1
    16.5  0.1132     -1
    17.5  0.1167E-01  1
    17.5  0.4448E-01 -1
    18.5  0.1232E-01  1
    18.5  0.1638E-01 -1
    19.5  0.1281E-02  1
    19.5  0.5549E-02 -1
     0.5   24.09      1
     0.5   48.28     -1
     1.5   48.18      1
     1.5   96.57     -1
     2.5   72.27      1
     2.5   145.4     -1
     3.5   95.95      1
     3.5   193.4     -1
     4.5   119.9      1
     4.5   243.9     -1
     5.5   137.4      1
     5.5   286.2     -1
     6.5   160.3      1
     6.5   318.4     -1
     7.5   92.40      1
     7.5   273.1     -1
     8.5   103.9      1
     8.5   142.5     -1
     9.5   14.16      1
     9.5   56.95     -1
    10.5   15.57      1
    10.5   21.40     -1
    11.5   2.470      1
    11.5   8.828     -1
    12.5   2.676      1
    12.5   3.728     -1
    13.5  0.4474      1
    13.5   1.580     -1
    14.5  0.4794      1
    14.5  0.6687     -1
    15.5  0.7878E-01  1
    15.5  0.2807     -1
    16.5  0.8370E-01  1
    16.5  0.1153     -1
    17.5  0.1192E-01  1
    17.5  0.4537E-01 -1
    18.5  0.1258E-01  1
    18.5  0.1672E-01 -1
    19.5  0.1310E-02  1
    19.5  0.5671E-02 -1
     0.5   24.09      1
     0.5   48.28     -1
     1.5   48.18      1
     1.5   96.57     -1
     2.5   72.27      1
     2.5   145.4     -1
     3.5   95.96      1
     3.5   193.4     -1
     4.5   119.9      1
     4.5   243.9     -1
     5.5   137.4      1
     5.5   286.2     -1
     6.5   160.3      1
     6.5   318.4     -1
     7.5   92.45      1
     7.5   273.2     -1
     8.5   104.0      1
     8.5   142.6     -1
     9.5   14.19      1
     9.5   57.03     -1
    10.5   15.60      1
    10.5   21.45     -1
    11.5   2.477      1
    11.5   8.851     -1
    12.5   2.683      1
    12.5   3.739     -1
    13.5  0.4491      1
    13.5   1.586     -1
    14.5  0.4812      1
    14.5  0.6712     -1
    15.5  0.7913E-01  1
    15.5  0.2819     -1
    16.5  0.8408E-01  1
    16.5  0.1158     -1
    17.5  0.1198E-01  1
    17.5  0.4559E-01 -1
    18.5  0.1264E-01  1
    18.5  0.1681E-01 -1
    19.5  0.1317E-02  1
    19.5  0.5701E-02 -1
     0.5   24.09      1
     0.5   48.28     -1
     1.5   48.18      1
     1.5   96.57     -1
     2.5   72.27      1
     2.5   145.4     -1
     3.5   95.96      1
     3.5   193.4     -1
     4.5   119.9      1
     4.5   243.9     -1
     5.5   137.4      1
     5.5   286.2     -1
     6.5   160.3      1
     6.5   318.4     -1
     7.5   92.45      1
     7.5   273.2     -1
     8.5   104.0      1
     8.5   142.6     -1
     9.5   14.19      1
     9.5   57.03     -1
    10.5   15.60      1
    10.5   21.45     -1
    11.5   2.477      1
    11.5   8.851     -1
    12.5   2.683      1
    12.5   3.739     -1
    13.5  0.4491      1
    13.5   1.586     -1
    14.5  0.4812      1
    14.5  0.6712     -1
    15.5  0.7913E-01  1
    15.5  0.2819     -1
    16.5  0.8408E-01  1
    16.5  0.1158     -1
    17.5  0.1198E-01  1
    17.5  0.4559E-01 -1
    18.5  0.1264E-01  1
    18.5  0.1681E-01 -1
    19.5  0.1317E-02  1
    19.5  0.5701E-02 -1
     0.5   24.09      1
     0.5   48.28     -1
     1.5   48.18      1
     1.5   96.57     -1
     2.5   72.27      1
     2.5   145.4     -1
     3.5   95.96      1
     3.5   193.4     -1
     4.5   119.9      1
     4.5   243.9     -1
     5.5   137.4      1
     5.5   286.2     -1
     6.5   160.3      1
     6.5   318.4     -1
     7.5   92.45      1
     7.5   273.2     -1
     8.5   104.0      1
     8.5   142.6     -1
     9.5   14.19      1
     9.5   57.03     -1
    10.5   15.60      1
    10.5   21.45     -1
    11.5   2.477      1
    11.5   8.851     -1
    12.5   2.683      1
    12.5   3.739     -1
    13.5  0.4491      1
    13.5   1.586     -1
    14.5  0.4812      1
    14.5  0.6712     -1
    15.5  0.7913E-01  1
    15.5  0.2819     -1
    16.5  0.8408E-01  1
    16.5  0.1158     -1
    17.5  0.1198E-01  1
    17.5  0.4559E-01 -1
    18.5  0.1264E-01  1
    18.5  0.1681E-01 -1
    19.5  0.1317E-02  1
    19.5  0.5701E-02 -1
     0.5   24.09      1
     0.5   48.28     -1
     1.5   48.18      1
     1.5   96.57     -1
     2.5   72.27      1
     2.5   145.4     -1
     3.5   95.96      1
     3.5   193.4     -1
     4.5   119.9      1
     4.5   243.9     -1
     5.5   137.4      1
     5.5   286.2     -1
     6.5   160.3      1
     6.5   318.4     -1
     7.5   92.45      1
     7.5   273.2     -1
     8.5   104.0      1
     8.5   142.6     -1
     9.5   14.19      1
     9.5   57.03     -1
    10.5   15.60      1
    10.5   21.45     -1
    11.5   2.477      1
    11.5   8.851     -1
    12.5   2.683      1
    12.5   3.739     -1
    13.5  0.4491      1
    13.5   1.586     -1
    14.5  0.4812      1
    14.5  0.6712     -1
    15.5  0.7913E-01  1
    15.5  0.2819     -1
    16.5  0.8408E-01  1
    16.5  0.1158     -1
    17.5  0.1198E-01  1
    17.5  0.4559E-01 -1
    18.5  0.1264E-01  1
    18.5  0.1681E-01 -1
    19.5  0.1317E-02  1
    19.5  0.5701E-02 -1
     0.5   24.09      1
     0.5   48.28     -1
     1.5   48.18      1
     1.5   96.57     -1
     2.5   72.27      1
     2.5   145.4     -1
     3.5   95.96      1
     3.5   193.4     -1
     4.5   119.9      1
     4.5   243.9     -1
     5.5   137.4      1
     5.5   286.2     -1
     6.5   160.3      1
     6.5   318.4     -1
     7.5   92.45      1
     7.5   273.2     -1
     8.5   104.0      1
     8.5   142.6     -1
     9.5   14.19      1
     9.5   57.03     -1
    10.5   15.60      1
    10.5   21.45     -1
    11.5   2.477      1
    11.5   8.851     -1
    12.5   2.683      1
    12.5   3.739     -1
    13.5  0.4491      1
    13.5   1.586     -1
    14.5  0.4812      1
    14.5  0.6712     -1
    15.5  0.7913E-01  1
    15.5  0.2819     -1
    16.5  0.8408E-01  1
    16.5  0.1158     -1
    17.5  0.1198E-01  1
    17.5  0.4559E-01 -1
    18.5  0.1264E-01  1
    18.5  0.1681E-01 -1
    19.5  0.1317E-02  1
    19.5  0.5701E-02 -1
     0.5   24.09      1
     0.5   48.28     -1
     1.5   48.18      1
     1.5   96.57     -1
     2.5   72.27      1
     2.5   145.4     -1
     3.5   95.96      1
     3.5   193.4     -1
     4.5   119.9      1
     4.5   243.9     -1
     5.5   137.4      1
     5.5   286.2     -1
     6.5   160.3      1
     6.5   318.4     -1
     7.5   92.45      1
     7.5   273.2     -1
     8.5   104.0      1
     8.5   142.6     -1
     9.5   14.19      1
     9.5   57.03     -1
    10.5   15.60      1
    10.5   21.45     -1
    11.5   2.477      1
    11.5   8.851     -1
    12.5   2.683      1
    12.5   3.739     -1
    13.5  0.4491      1
    13.5   1.586     -1
    14.5  0.4812      1
    14.5  0.6712     -1
    15.5  0.7913E-01  1
    15.5  0.2819     -1
    16.5  0.8408E-01  1
    16.5  0.1158     -1
    17.5  0.1198E-01  1
    17.5  0.4559E-01 -1
    18.5  0.1264E-01  1
    18.5  0.1681E-01 -1
    19.5  0.1317E-02  1
    19.5  0.5701E-02 -1
     0.5   24.09      1
     0.5   48.28     -1
     1.5   48.18      1
     1.5   96.57     -1
     2.5   72.27      1
     2.5   145.4     -1
     3.5   95.96      1
     3.5   193.4     -1
     4.5   119.9      1
     4.5   243.9     -1
     5.5   137.4      1
     5.5   286.2     -1
     6.5   160.3      1
     6.5   318.4     -1
     7.5   92.45      1
     7.5   273.2     -1
     8.5   104.0      1
     8.5   142.6     -1
     9.5   14.19      1
     9.5   57.03     -1
    10.5   15.60      1
    10.5   21.45     -1
    11.5   2.477      1
    11.5   8.851     -1
    12.5   2.683      1
    12.5   3.739     -1
    13.5  0.4491      1
    13.5   1.586     -1
    14.5  0.4812      1
    14.5  0.6712     -1
    15.5  0.7913E-01  1
    15.5  0.2819     -1
    16.5  0.8408E-01  1
    16.5  0.1158     -1
    17.5  0.1198E-01  1
    17.5  0.4559E-01 -1
    18.5  0.1264E-01  1
    18.5  0.1681E-01 -1
    19.5  0.1317E-02  1
    19.5  0.5701E-02 -1
     0.5   24.09      1
     0.5   48.28     -1
     1.5   48.18      1
     1.5   96.57     -1
     2.5   72.27      1
     2.5   145.4     -1
     3.5   95.96      1
     3.5   193.4     -1
     4.5   119.9      1
     4.5   243.9     -1
     5.5   137.4      1
     5.5   286.2     -1
     6.5   160.3      1
     6.5   318.4     -1
     7.5   92.45      1
     7.5   273.2     -1
     8.5   104.0      1
     8.5   142.6     -1
     9.5   14.19      1
     9.5   57.03     -1
    10.5   15.60      1
    10.5   21.45     -1
    11.5   2.477      1
    11.5   8.851     -1
    12.5   2.683      1
    12.5   3.739     -1
    13.5  0.4491      1
    13.5   1.586     -1
    14.5  0.4812      1
    14.5  0.6712     -1
    15.5  0.7913E-01  1
    15.5  0.2819     -1
    16.5  0.8408E-01  1
    16.5  0.1158     -1
    17.5  0.1198E-01  1
    17.5  0.4559E-01 -1
    18.5  0.1264E-01  1
    18.5  0.1681E-01 -1
    19.5  0.1317E-02  1
    19.5  0.5701E-02 -1
     0.5   24.09      1
     0.5   48.28     -1
     1.5   48.18      1
     1.5   96.57     -1
     2.5   72.27      1
     2.5   145.4     -1
     3.5   95.96      1
     3.5   193.4     -1
     4.5   119.9      1
     4.5   243.9     -1
     5.5   137.4      1
     5.5   286.2     -1
     6.5   160.3      1
     6.5   318.4     -1
     7.5   92.45      1
     7.5   273.2     -1
     8.5   104.0      1
     8.5   142.6     -1
     9.5   14.19      1
     9.5   57.03     -1
    10.5   15.60      1
    10.5   21.45     -1
    11.5   2.477      1
    11.5   8.851     -1
    12.5   2.683      1
    12.5   3.739     -1
    13.5  0.4491      1
    13.5   1.586     -1
    14.5  0.4812      1
    14.5  0.6712     -1
    15.5  0.7913E-01  1
    15.5  0.2819     -1
    16.5  0.8408E-01  1
    16.5  0.1158     -1
    17.5  0.1198E-01  1
    17.5  0.4559E-01 -1
    18.5  0.1264E-01  1
    18.5  0.1681E-01 -1
    19.5  0.1317E-02  1
    19.5  0.5701E-02 -1
     0.5   24.09      1
     0.5   48.28     -1
     1.5   48.18      1
     1.5   96.57     -1
     2.5   72.27      1
     2.5   145.4     -1
     3.5   95.96      1
     3.5   193.4     -1
     4.5   119.9      1
     4.5   243.9     -1
     5.5   137.4      1
     5.5   286.2     -1
     6.5   160.3      1
     6.5   318.4     -1
     7.5   92.45      1
     7.5   273.2     -1
     8.5   104.0      1
     8.5   142.6     -1
     9.5   14.19      1
     9.5   57.03     -1
    10.5   15.60      1
    10.5   21.45     -1
    11.5   2.477      1
    11.5   8.851     -1
    12.5   2.683      1
    12.5   3.739     -1
    13.5  0.4491      1
    13.5   1.586     -1
    14.5  0.4812      1
    14.5  0.6712     -1
    15.5  0.7913E-01  1
    15.5  0.2819     -1
    16.5  0.8408E-01  1
    16.5  0.1158     -1
    17.5  0.1198E-01  1
    17.5  0.4559E-01 -1
    18.5  0.1264E-01  1
    18.5  0.1681E-01 -1
    19.5  0.1317E-02  1
    19.5  0.5701E-02 -1
     0.5   24.09      1
     0.5   48.28     -1
     1.5   48.18      1
     1.5   96.57     -1
     2.5   72.27      1
     2.5   145.4     -1
     3.5   95.96      1
     3.5   193.4     -1
     4.5   119.9      1
     4.5   243.9     -1
     5.5   137.4      1
     5.5   286.2     -1
     6.5   160.3      1
     6.5   318.4     -1
     7.5   92.45      1
     7.5   273.2     -1
     8.5   104.0      1
     8.5   142.6     -1
     9.5   14.19      1
     9.5   57.03     -1
    10.5   15.60      1
    10.5   21.45     -1
    11.5   2.477      1
    11.5   8.851     -1
    12.5   2.683      1
    12.5   3.739     -1
    13.5  0.4491      1
    13.5   1.586     -1
    14.5  0.4812      1
    14.5  0.6712     -1
    15.5  0.7913E-01  1
    15.5  0.2819     -1
    16.5  0.8408E-01  1
    16.5  0.1158     -1
    17.5  0.1198E-01  1
    17.5  0.4559E-01 -1
    18.5  0.1264E-01  1
    18.5  0.1681E-01 -1
    19.5  0.1317E-02  1
    19.5  0.5701E-02 -1
     0.5   24.09      1
     0.5   48.28     -1
     1.5   48.18      1
     1.5   96.57     -1
     2.5   72.27      1
     2.5   145.4     -1
     3.5   95.96      1
     3.5   193.4     -1
     4.5   119.9      1
     4.5   243.9     -1
     5.5   137.4      1
     5.5   286.2     -1
     6.5   160.3      1
     6.5   318.4     -1
     7.5   92.45      1
     7.5   273.2     -1
     8.5   104.0      1
     8.5   142.6     -1
     9.5   14.19      1
     9.5   57.03     -1
    10.5   15.60      1
    10.5   21.45     -1
    11.5   2.477      1
    11.5   8.851     -1
    12.5   2.683      1
    12.5   3.739     -1
    13.5  0.4491      1
    13.5   1.586     -1
    14.5  0.4812      1
    14.5  0.6712     -1
    15.5  0.7913E-01  1
    15.5  0.2819     -1
    16.5  0.8408E-01  1
    16.5  0.1158     -1
    17.5  0.1198E-01  1
    17.5  0.4559E-01 -1
    18.5  0.1264E-01  1
    18.5  0.1681E-01 -1
    19.5  0.1317E-02  1
    19.5  0.5701E-02 -1
# Fusion cross sections for ELAB=  16.000, ECM=  14.466
     0.5   24.09      1
     0.5   48.28     -1
     1.5   48.18      1
     1.5   96.57     -1
     2.5   72.27      1
     2.5   145.4     -1
     3.5   95.96      1
     3.5   193.4     -1
     4.5   119.9      1
     4.5   243.9     -1
     5.5   137.4      1
     5.5   286.2     -1
     6.5   160.3      1
     6.5   318.4     -1
     7.5   92.45      1
     7.5   273.2     -1
     8.5   104.0      1
     8.5   142.6     -1
     9.5   14.19      1
     9.5   57.03     -1
    10.5   15.60      1
    10.5   21.45     -1
    11.5   2.477      1
    11.5   8.851     -1
    12.5   2.683      1
    12.5   3.739     -1
    13.5  0.4491      1
    13.5   1.586     -1
    14.5  0.4812      1
    14.5  0.6712     -1
    15.5  0.7913E-01  1
    15.5  0.2819     -1
    16.5  0.8408E-01  1
    16.5  0.1158     -1
    17.5  0.1198E-01  1
    17.5  0.4559E-01 -1
    18.5  0.1264E-01  1
    18.5  0.1681E-01 -1
    19.5  0.1317E-02  1
    19.5  0.5701E-02 -1
 &
