# Fusion cross sections for ELAB=  16.000, ECM=  14.466
     0.5   49.33       49.33       0.000    
     1.5   98.72       98.72       0.000    
     2.5   147.6       147.6       0.000    
     3.5   194.5       194.5       0.000    
     4.5   230.5       230.5       0.000    
     5.5   226.2       226.2       0.000    
     6.5   163.1       163.1       0.000    
     7.5   79.53       79.53       0.000    
     8.5   30.35       30.35       0.000    
     9.5   10.71       10.71       0.000    
    10.5   3.684       3.684       0.000    
    11.5   1.251       1.251       0.000    
    12.5  0.4209      0.4209       0.000    
    13.5  0.1404      0.1404       0.000    
    14.5  0.4652E-01  0.4652E-01   0.000    
    15.5  0.1531E-01  0.1531E-01   0.000    
 &
