           1           2           1
    0.5+     0 1   23.52       0.000    
    0.5-     1 1   23.59       0.000    
    1.5+     2 1   47.24       0.000    
    1.5-     1 1   47.18       0.000    
    2.5+     2 1   70.85       0.000    
    2.5-     3 1   71.39       0.000    
    3.5+     4 1   95.51       0.000    
    3.5-     3 1   95.19       0.000    
    4.5+     4 1   119.4       0.000    
    4.5-     5 1   120.6       0.000    
    5.5+     6 1   146.2       0.000    
    5.5-     5 1   144.7       0.000    
    6.5+     6 1   170.5       0.000    
    6.5-     7 1   143.8       0.000    
    7.5+     8 1   105.2       0.000    
    7.5-     7 1   164.3       0.000    
    8.5+     8 1   118.3       0.000    
    8.5-     9 1   54.48       0.000    
    9.5+    10 1   27.69       0.000    
    9.5-     9 1   60.53       0.000    
   10.5+    10 1   30.46       0.000    
   10.5-    11 1   13.68       0.000    
   11.5+    12 1   6.602       0.000    
   11.5-    11 1   14.92       0.000    
   12.5+    12 1   7.152       0.000    
   12.5-    13 1   3.135       0.000    
   13.5+    14 1   1.474       0.000    
   13.5-    13 1   3.377       0.000    
   14.5+    14 1   1.579       0.000    
   14.5-    15 1  0.6851       0.000    
   15.5+    16 1  0.3107       0.000    
   15.5-    15 1  0.7307       0.000    
   16.5+    16 1  0.3301       0.000    
   16.5-    17 1  0.1341       0.000    
   17.5+    18 1  0.5361E-01   0.000    
   17.5-    17 1  0.1420       0.000    
   18.5+    18 1  0.5658E-01   0.000    
   18.5-    19 1  0.1948E-01   0.000    
   19.5+    20 1  0.6367E-02   0.000    
   19.5-    19 1  0.2051E-01   0.000    
   20.5+    20 1  0.6685E-02   0.000    
